0.36455191406409915
0.24178432121410126
0.019871290582082653
0.1788061624269276
0.3400944017454161
0.2332231180471136
-0.027481723937517244
0.16766470355129895
0.04800191857358744
0.2904623952723546
-0.5395592870081216
-0.6038689890300868
-0.2922155989626447
0.18863476617000255
-0.1649911326510881
0.16516131046036658
0.38038858685393095
0.4368957717608438
0.32259892314078953
0.6099593605008824
0.5757488557105286
0.5387612733082786
0.7171493593891095
0.7503047426793952
0.8119294528447776
0.7058759172736675
0.8407784995153357
0.4472117964182697
0.4094399683008063
0.3024958029691681
0.17021556628540158
0.5617023852937615
0.48065715088626215
0.5513692255273273
0.5213981509085351
0.33333245232392544
0.6062545902378573
0.3843485873791622
0.4201188102402222
0.5430293340155352
0.5677810908723542
0.8416277845160134
0.6660799761680392
0.31978818167166223
0.3523934225298607
0.07149914098449048
0.3291115362883723
0.47340960894588335
0.5097071442710189
0.4070062964815779
0.231130944948978
0.17847422389113926
-0.10005468772738417
0.3587806394198183
0.07879302547035749
0.2789144977961753
0.26113158960435834
0.1360560762342857
0.6356754394673582
0.6818872303363196
0.6423851294590346
0.07904885922582619
0.0018041771532271286
0.05192253169146487
0.22029677776768572
-0.0884363509068676
-0.045006497000607326
-0.23943175115749982
-0.4547519690604853
-0.3233606159911896
-0.04697129264395937
-0.26992515729775574
0.006083176376084812
-0.027287949778681223
0.47631728424386255
-0.17430918642432786
0.18655665636352362
0.5073748258144595
0.6708057150933182
0.564621682801913
0.6295231681884363
0.7755922830950082
0.700177974797008
0.3962671554916377
0.7621072723565795
0.9241959100343554
1.0331618653954902
0.9370290210702491
0.890716187905952
0.983239079630757
1.0413159526047675
0.8980250302387801
0.7445765383216064
0.8321970342890976
0.1597334243378273
0.29953961589909306
0.5011127797013947
0.5989701079828416
0.6102561486099709
0.5920762954253367
0.7605555060905302
0.6986133534752287
0.7889331029854836
0.6195894684133298
0.6687707541916919
0.8707473718808121
1.0722364511866755
1.0887359168676318
1.041415737244987
0.9070179431801298
0.8446145267385616
0.7962439283467226
1.0054804729927829
-0.16883883134422847
-0.45270673202202893
-0.39390167629349604
-0.32860423252408466
-0.2880274306349515
-0.06350353308038265
0.13903669497638013
0.20495230440067602
-0.057973965654462736
-0.22289457897438422
0.20155596635839282
0.13986833954204858
0.19287694536502784
0.4016966515806433
0.5884059564760382
0.7034138430291976
0.47473064461894227
0.894536814873589
1.1311965039098906
1.062162248161348
1.0015029940529871
0.996174072561884
1.1579188001012786
0.8280396204252867
0.7088371225958088
1.1202417403456917
0.6926984515444529
0.9829870699319646
-0.9494483223309667
-1.220499636973293
0.3213832527621362
0.7395787580577076
-1.2336936752656622
0.6240277555382294
0.33484353881721424
0.7188135659335372
-2.2427020536074855
-2.5222290767890243
-1.40737734902859
-1.0199027231981288
-1.8506773380606618
-1.7184818797051826
-2.3973318316242054
-1.998263559976476
-1.5989336088063368
-1.548288001726612
-2.2906054280115486
-2.7607003211009378
-1.687249951797851
-0.6841315148809344
-0.05172922991602444
-0.17974829083792188
0.2365916899461046
0.5990188433650623
0.5552493928176216
0.7659425297953911
0.7985205486261582
1.045048011846805
0.8347380308845437
0.45357517168340383
1.0110233360654282
1.136558711495141
0.9249304167618471
0.9162316097051155
1.1721499799132304
0.5378038580808459
0.9731239636827247
0.7286675409420265
0.9797200300461404
1.0591320739418535
-0.004508917923774024
0.6487090180318885
0.7655256731522103
0.8573218538073537
0.13846139265923163
0.6001475577594448
0.5055928701403493
0.5806917899603983
0.8317835932610055
0.7805396475877404
0.4715708416929498
0.5984893500123243
0.23344360269583464
0.06067873594013086
0.2879718696026733
-0.728158806490901
0.08827041749878008
-0.29249512804525896
0.1398839373701527
0.25713725505889135
-0.3744265597289344
-0.44127689803513026
-0.011193360433323526
-0.2708158436060363
-0.1051157973590918
-0.4231636809264883
-0.9415008888551254
-2.2787807897324726
-1.1792306922397107
-0.22466496762397575
0.08447289821523095
-0.17117282591696725
0.24970369861105868
0.34900928150386384
0.3547861891353483
0.45919428566780085
0.3894574564026132
0.6415842218863851
0.8439818306815593
-0.2401456156770155
-2.416270360241209
-0.5653697090710017
0.5835374284769961
0.31802768441762985
0.7947780737583793
0.4476568016059744
0.09365285372464081
-0.038172353910910325
-1.1402801200039057
-2.1081179182517884
-1.582982784138609
-0.9155243155667121
-0.7385665397412562
-0.8508986717061922
0.0028710336316740415
0.0015422800390413535
0.08765292875514351
0.3499491589471057
0.3923922417461325
-0.6950377537143
-2.0148730716631165
-2.0677007915371783
-1.1840946222887778
-0.9277238889882791
-0.4944663189196876
-0.7217799518815248
-0.27602955246720795
0.35084471995573524
0.6612104673259536
0.14271401207130405
0.23293857505966403
-0.9825435711708315
-0.06143260830041603
0.21892714905187352
0.5462571036637461
-0.43231762225098075
0.19332334154989467
0.24254077663552098
0.3894643784908248
0.751485695817629
0.1997891189787169
-0.08637198529462967
0.9328171675526212
1.0744377942933572
0.5639390470390717
0.4910348272409148
-0.17142484209134934
0.42245093493397934
-0.16190395521474601
0.07528836859269762
-0.016294446993933533
-0.2025747994176161
-0.6055114070769729
0.023705898332209544
-0.5451979738915034
-0.7870291693670172
-1.0068402986107765
-0.4775012083867361
-0.8952983858801951
-0.8493342213058869
-1.023790784022104
-0.7281405768984072
-1.0107353480931514
-0.602209660532767
-0.12258096641224704
0.09022138458857089
-1.1894029261596215
-0.5276296744712654
-0.6218438389035894
0.05403057125731962
0.5529205452680439
0.08512385757461256
0.2805750278010529
0.3179223890342013
0.7263979995089109
0.7964550652475859
0.8062394770912242
0.3703708552257496
0.6690584666817586
0.06853020977217697
-0.8182819335081538
-1.4951231970669066
-2.309240534159304
-1.165295436025058
-2.6332293216736438
-0.4662419556138394
-2.6575465939509315
-1.6539975217951794
-0.517586655392078
-0.7169088727286027
-0.25886889906332067
0.19928963569006117
0.22185837438071052
0.4313513936864051
0.5604169793396441
0.523993060972901
0.29606079794959156
0.19618090471006655
0.34453504005876223
0.6393155766749417
0.7335721942181748
0.9073981055452875
0.3915548215605048
-2.3914602429965646
-0.4732123785132487
0.11318582792724485
-2.603360051025371
-0.2263540692178204
0.1309657731633224
0.11279471845751765
0.03867182181256466
-0.14202471711557382
-0.2841516654041409
0.07581048537684752
0.2983567907051583
0.41008815386555786
0.23357419136464957
0.2213150216837828
0.13206101692692757
0.5445754470453374
0.774501858435863
0.3909081922576986
0.6928142698398085
0.8142121928659867
0.36791133763014805
0.5097372175939996
0.32870071462666073
0.3075024235666164
-0.026669784979859633
0.3180987875603151
0.606580175186054
-0.7693604202723652
-0.4524978191776534
0.16005361979613378
-0.4547911913692748
-0.15022050866098727
0.8786014953378168
1.026510460453239
-0.45150196186002856
0.14402930195351488
0.6397817161342896
0.2509886864351394
0.8112076491145468
0.7080777623919314
0.41944987729657124
0.009857024321733975
0.7299954660338399
1.473626452356526
0.2613675348672832
0.43058452735298236
0.7591045526558977
0.7250334447474205
0.964615244630555
0.777068799832192
1.0879517518098738
0.8798013380745793
0.13852301782287307
-0.2928787579794963
0.29806864463513216
0.5792316902726169
0.7482595562665677
0.7708825476728616
0.2696852530981247
0.6621134978384726
0.963584211684742
0.6864422886947263
0.7770285593636188
0.7617502223471981
0.36692744360703067
0.5721292013144825
0.46077641579456274
0.6764550429571023
-0.3500167189358627
0.3084611072513011
0.6660130241154398
0.7217501054753972
0.496207962242615
0.07237728821242695
-0.7272735015910805
-0.24290950515281406
0.269413722934321
0.5896826230474188
-0.22175175044637763
0.09345722060080587
-0.040130204946470543
-0.23245079196686028
-1.802755845837489
-1.2982250370899848
-0.5103466044521838
0.0167725771174855
0.29983214115656
0.037277633227207806
-0.45767301168324354
-0.3877536359251349
-0.14535946824794255
-0.25732114087017416
-1.8283930723298378
-0.45540558158566724
0.14599861729638938
0.045297677147455015
-1.3358213043308953
-1.2040651940661915
-1.3791898194649135
-1.0001243649535205
-0.7235334448756254
-0.8694822530690675
-1.4829702234811855
-1.923341532441495
-2.297688871433977
-1.6682447373258045
-0.8841598133869639
-0.39860505000819585
-0.08969253147628657
-0.3145498706997668
-0.3441476795004763
-0.9701785900850854
-0.6541509720411768
0.006962160374125774
-0.7392964849177791
-0.670313509736393
-0.1446113125160048
0.06291729973690344
0.4915211172991929
0.2995055411173905
-0.6314602090318923
-0.06627638448173746
0.4177025549905546
0.6907884652799811
0.821011758776714
0.8945149710967669
0.7482063815134337
0.7842084293388923
0.8266998097822167
0.42140855421839374
0.6644136837239781
0.4350974051695571
0.29107986070280834
-1.2595214703540583
-1.9074274075706843
-1.3004819835051535
-1.3346676498441494
-1.8232330946476707
-0.9342522411847334
-0.16722136155472123
-0.8833503085256171
-0.6402619052312135
-0.6796228519042389
-0.6697776547210375
-2.279604355298811
-1.394505712177685
-0.6957839521840593
-0.18370865780950588
-0.25103089159965075
-1.5875908066608453
-1.3111646721453896
-1.1314297502869366
-2.0254763686438864
-2.0939082948147654
-1.4860291633069693
-2.2093201614001234
-2.4946103622789804
-1.237066841191272
0.05480279647147918
0.2588296990617412
0.04440864228297119
-0.28303681144289694
0.28999500608679807
-0.29956029087630737
0.03295870674144082
0.5576143759144475
0.46737547542792623
0.4003809010314066
0.6648029772022132
0.3620302888432608
0.5407576199305164
0.48173570305639596
0.43284758837340387
0.5885591179263663
0.14978012815564617
-1.7593675937317457
-0.8646215207004277
-0.5113036986111651
-0.005450343916829088
0.019531452089481913
-1.0285935050616455
-0.6351622083411795
0.30516378873345507
-0.1775571079817839
0.5825809429941314
0.7915426674605628
-0.367899058721488
0.6482517676655815
0.7227798926225328
0.8986934309132798
1.0860507152242476
1.094807484881135
1.0085817975408062
0.7693239367531997
0.8438584594900311
0.42198621408467807
-0.3926678867948038
-1.676691623719495
-0.887499787243039
0.24367582185291653
0.6199202168924219
-1.8401116631978847
-0.7629998073247211
-0.515688655584241
0.05169446921130624
0.39182637029738604
0.34052828697919096
-1.8227748973528564
-2.4610313775206047
-0.532876609710624
-1.7626220567949045
-1.146462900440005
-1.9225422500588518
-2.7445946522617675
-0.979333262745196
-0.5900249914858237
-1.0349510572967038
-0.3193079249864198
0.3107241505777527
0.3264104945737711
-0.10867546006522483
0.2948338935245742
0.49539396877249164
-1.4804463315963707
-0.5436619242273831
-0.18323807411873272
-0.4277411169935677
-0.6302008769934264
-2.1992749293806404
-2.5613450372792266
-1.8860683956675668
-1.0785801005995925
-0.817658666424433
-0.29543594198028256
-0.34514244157377333
-2.243106688135051
-1.38065217501195
-0.3397521603469018
-0.11265158519595316
0.10753251901676347
0.2861920085603258
-0.2254522216252498
-1.0607128946465063
-0.8331296689085887
0.1806311455307414
0.42412757032193826
0.20638473696376966
0.33427561558922086
-0.3143747977949639
0.13335345029158638
0.0007331908249033929
0.017111084998961575
-0.10577699229820778
-0.47225540192272314
-1.6043915235987036
-2.0916132741592457
-2.538681307399818
-2.437345795814072
-1.2984171277410455
-0.7817492172781555
-1.750413201241947
-1.985090151956995
-1.3216676397502605
-1.9375772218352854
-2.201151519810992
-1.8891361874896964
-2.2221718808497135
-1.6955445041566364
-0.1082618872985063
-0.9625119328031218
-0.35869613412090506
-0.183990642811585
-0.9335228090240396
0.23486364867909465
-0.05678771484429657
0.3804531647311967
0.8228427987678567
0.8668550927125458
0.3260581045820825
-0.12003398578833452
-1.2238954294599576
-0.3747493532164742
0.068011273220657
0.25740142025544077
0.1195935557439815
-0.4244174773434219
-1.1113642512868882
-2.0932511318114124
-0.9175872578782089
-1.0975895276653558
-1.135556406972145
-0.9395490630255504
-1.5962375458629703
-2.3224057619257357
-2.6651534385243694
-1.3822538135259133
-0.9232607693417179
-0.9221259511685709
-1.7594075969422962
-1.327594821652893
-2.0373936120710816
-1.8477653432014538
-2.0511226189999894
-1.1561233827916122
-1.2022674754960763
-1.493053679975468
-1.4529483313346874
-1.7464578715005605
-0.6681364955937014
-0.018673034663372806
0.3286117662540539
0.35204994096395664
0.23031487291071154
0.2981486341756787
0.2872748546421335
0.183121341919016
0.35374630092305703
-0.701011010338695
-2.701896298578238
-1.3392223361733024
-0.5669506733024134
-1.1141392561671297
-0.9199461775580109
-0.863019312110787
-0.4088325175463944
-0.9247340875782604
-1.2109220008010617
-1.2234332027025394
-1.8550147386173375
-2.599941505981277
-2.4672332387568554
-1.8476577363495057
-0.9221932778886196
-0.5705791416927677
0.015665005461108633
-0.15386736494594055
0.044473704597512556
0.18768373569658758
-0.5786376371265952
0.02067764011026483
-0.17923254177137887
0.4262552188510724
0.08166615827028646
0.5430480109329219
-0.051595472428388994
0.45678319471956735
0.5475286350959631
-0.030666296370617335
0.25154843325601073
0.38213316933279695
0.4602915550332675
-0.49228621976328546
-0.04701009292313235
0.24036825385124194
0.37299451911613435
0.45278427381442127
0.5026737527718635
0.2141980660359122
-0.18901227019302475
-0.3308223344503644
-0.3632945964096118
-0.2877261367008949
-0.17201307974625507
0.3568176291630992
0.4492801111581636
-0.30104711392725175
-0.5960970172236854
-1.9876338572932466
-0.02124127944191277
-0.3357836874114912
0.16435586485192977
0.145482518714255
0.09595330294760553
-0.6029005911263136
-0.8227341140436701
-0.8710479417371291
-0.16254575275566568
-0.38870464196282534
-0.08403748805457908
0.1743788869401343
0.39068492498309715
0.3468713476830623
0.29394343837308007
0.34892046312388636
0.17758683287551066
0.23570621385343823
0.016720284050185337
0.23929401351155566
0.25984595975151537
0.36918354669975817
0.18466787564794018
-0.22226134776414067
0.18967225529497167
0.34854672261276426
0.21895135398719842
0.14771042657547553
0.012306476130968823
0.3739041230432176
-0.1645981051329264
0.07454849140935742
0.2384191401134912
0.16780204067311383
-1.0127213869226304
-0.29132343853702697
-0.32746210173939083
-0.0271895951927571
-0.00025217405009557783
-0.02492030564500317
0.036201314290872005
0.06213873422147381
-0.08766828763295875
-0.4257356262788996
-0.544872095606924
-0.33068980089443867
-1.2237120894201778
-0.19019547815158427
0.44373103386445356
0.3478298186645578
-0.336337401644066
-0.4808078187926821
-1.0727583584946376
-0.49312846630453905
-0.1379851228131573
0.13774336372682458
-0.06123684247132736
0.11832905281150327
-0.4765829805008768
-2.453099191641501
-1.6762466615198632
-0.7351558613383854
0.05295741002278767
0.04971635338587163
0.3414072225446044
0.10624368971027663
-0.1640377513669245
-0.18213408247411708
0.015721909728952595
0.17833454446852856
0.08376001440427329
-0.622868121031288
-1.2072688469862611
-0.33793541437768726
-0.38011614876765676
0.10026334470374738
0.04472380030031719
-0.2861363156213091
-0.14497713461531783
-0.18371803355153182
-2.152044467873903
-2.450410167307628
-1.613519655930479
-0.21359995106849972
-0.07220328437994146
-0.3300254506265098
0.24574240042412193
0.39111542244838143
0.4588105625151627
0.1541403022190511
-0.4086721192846713
-0.5195766550693477
-0.20984106938790034
-0.7856338296073011
-2.2412215868309002
-1.2176399241125457
-1.2024800207025028
-1.035003495928925
-1.7058357171625367
-2.348175233656904
-1.9181882595277675
-2.3090189263509355
-2.3926040697897504
-1.310131387695066
-0.31977040952034336
0.0684350614679359
0.12294689854335253
0.27007466850186074
0.21623433872763975
0.15249990105573574
-0.7145375798751192
-0.7208539749669183
-0.20777412036537685
-0.0585330116288238
-0.33072735253773067
-1.6501125603427336
-1.0588333602919966
-0.14858175362965037
0.20724004310386263
0.44816866485514667
0.45060152610873583
0.29264364300942436
0.5369227862589703
0.7107921805977925
0.873478259163259
0.7529755262823942
0.3863523720106165
0.6872223489917288
0.7558398401191779
0.8462208271548757
0.08483685764590937
0.34561268952160384
0.4472875999672673
0.4905165788457393
0.39436739704754076
0.3299470972844735
0.1743563650711313
0.4298902021435885
0.3909789311705938
0.15338336072268566
0.4540431860453832
-0.08260961291468215
0.19485456268418833
0.19486097518776496
-0.004445203352503372
0.35155366920679326
0.5123186367899872
0.501273357966088
0.0691138012546111
-0.3041651327648387
-0.08748458378808718
-0.6834002145466651
-2.15418602044351
-2.4477280894896296
-1.1814857855195218
-1.3869531406463778
-2.3594278029679163
-2.5930800364191184
-1.0011386589509883
-0.12686663096090675
-0.22512164085389091
0.1370755819337305
0.29938993838722866
0.2525321616782894
0.216709420244155
-0.9026204908193882
-0.8409877118585476
-0.1466592516494529
-0.10327181716133785
-0.21089943413756612
-0.08729733189523058
-0.5079245580073662
0.01782940970658577
0.04231391431065487
-0.8029912028119184
-1.8730347404409486
-0.9740519854766106
0.29076656180138094
0.09750587609581908
0.20455287042741246
0.41174899489902345
0.6681180954048064
0.24895915994759746
-1.2497616968414464
-0.4908259691227919
-0.03800796556647742
-1.3033567488379518
-0.3081375373205833
0.1721709139146452
-0.04542269647002331
0.2522925561799727
0.16905644055528452
0.20214707982724175
0.3302673968084812
0.3097310300226571
0.1848202133654391
0.021644588253367007
0.3700193517172292
0.028331323484798658
0.11511980265292254
-0.1714244109319807
0.12258687444452303
0.18253604246088392
-1.5001937181833618
-2.455613111760019
-2.4531328087909996
-1.0424570382104899
-1.304080332033189
-0.19377995733721887
-0.29031104830109955
0.1702496915072981
0.03333732079232682
0.14402337700406143
-0.12094187302244294
0.08123659805903603
0.09249971759775719
0.12449323607796298
-0.9661964284440867
-0.40436376766930204
-0.3689781395581561
-1.180323416149966
-2.1557975942281944
-0.8839096870518091
-0.23577429974238984
-0.7898169839120806
-0.5637695455676616
-1.8403521830805862
-2.3900698023990454
-1.3767251548695918
-0.42161265845773643
-0.4174627654830604
-0.13181571959625726
-0.39686100338637165
-0.33163692646467774
-0.22861108871653396
-0.0018696961697390953
0.08851696589763479
0.11183721070013722
-1.1135258432077286
-0.3952253329864899
0.18734115414290392
0.14242480703055996
0.24298518734654487
-0.13119217943387687
-0.36480441804591085
-0.5279226393529792
-0.795500667000124
-0.5885668624858933
-0.34601800387929726
-0.36997131228234115
-0.6035173953852665
-0.15081035424063138
-0.14247115011656772
0.3332651801350806
0.7241571256885256
0.7221767053882484
0.7290928407246674
0.6122180474186844
0.7651581106379499
0.49414032832266996
0.13998841156303574
0.07448691611403094
0.17411962760718336
-0.4893176079503328
0.18065936485408293
0.10373235572327633
0.19783753717314903
0.508540301966849
0.6263143622366824
-1.3392516958086969
-1.6274224169312146
-0.07415174612219846
-1.1311963186023122
-1.237056481753273
-0.6043475759678426
-0.9264369928231755
-0.6928196092113821
-0.2401797470917722
-0.13502298727000092
-0.20383675760613534
-0.44273693927134306
-0.8338626285936283
-0.49341672695684535
-1.6767939419280693
-2.3887513693308744
-1.519068955673002
-0.26836744938749907
0.21738497831449777
0.1103937797606438
0.2760988942278475
0.3489055834252875
0.5299525213260379
0.4732471878103548
-0.15169487754159355
-1.1492534153082423
-0.17431255658837705
0.3868964016618699
0.2725127414211564
0.1398315652794843
-0.7204615767092228
-0.25257913712402696
-0.23740023353520434
0.14842361070902604
0.3968290478339628
0.14294774609442923
0.45501758655435465
0.3316218735149489
0.2194973461595618
-0.16972976024724828
-0.41540853201611555
-0.4486696514900428
-0.5786872897355098
-0.08988194746850466
0.06418669218769216
0.35209621415581893
0.11913230077504794
0.4607902799687846
0.754989948925067
1.0609462627861297
0.7815608520848811
0.9901890687297945
1.0868509551224825
-0.4484818408907487
0.5418113789686144
0.5108799017016349
0.5400952785755335
0.23960212167601314
0.12093169889381072
0.34091943045657935
0.13349408766028703
-0.21956342628198083
-0.3883714749277498
0.0052237642440625745
-2.4499096574933317
-1.6681989770721337
-0.37955224972397633
-0.2900892072960273
0.19471835066464419
0.3654217711004408
0.4437245098180077
-0.9823026745731855
-2.4142330246328068
-0.8563273910207853
-1.4995604919087966
-1.6262029774305915
-0.4738404707358034
0.19550609903364563
0.46266910095753266
0.27417641768697604
0.12192225634983186
-0.6587239158106708
-0.1144848873264204
0.24081784706907833
0.17324541379920602
0.14621486830133307
0.4312941899329325
0.6378361095228491
0.2697024194136648
-0.31375893419496315
0.13493699144237664
-1.0747443635609442
0.013065305420554285
0.19674581780931027
-0.24187008053353007
-0.5947568401518873
0.35082040008823
0.406173619147304
0.1943873357042854
-0.6436731515943039
-1.1658362185403521
0.44938934832357735
0.7592622969233096
-0.4140968882287498
-0.5238467007557374
0.07533180784083582
0.4551593890259215
0.6355934063062281
0.42706129691429967
-0.6692211391503136
-0.3581644770135853
-0.16612821154666157
-0.24731135566032103
-1.5306381156516053
-0.27922135789808944
-0.4260210243058823
0.2184135666807482
0.028336329443631094
-0.5332164391894246
-1.0688738085793008
-0.39094505752595476
0.40462541937898067
0.38204942125282637
0.3694569554710714
0.6944739644050549
0.9891667488714727
-0.3431045748318249
0.2973592866260849
-0.5074458419952637
0.17521417558527969
-0.4411154986392494
0.6602473824556666
0.4458404673299228
-0.528089741345087
0.135087137576779
0.17986896035540445
0.02715996874444857
0.33058829297348563
-0.31016968943086065
0.6768274551830038
0.9600974717631674
0.026636383260675862
-0.5298405810600095
-0.8157176798194468
-0.9482825553583069
-0.5549136599723508
-0.6670546513995842
-0.026446636497357668
0.014635153084742844
0.2216055193483515
0.17283304955280177
0.009923898217029221
-0.3982261546221917
0.3061160805217977
0.19620477228112285
-0.21476074137336343
0.3363170206964277
-0.03616037470926499
0.5560735856597148
0.0605974842522002
0.6983186392778098
-0.3149170257192173
-0.4786591865380195
0.06276814519019956
0.06523802689997846
0.09794819130781601
-0.212162231196041
-0.3483615187014038
-0.075262238651078
0.2793078492067494
0.315696853167791
0.6670372982752261
0.6504122199215394
0.32051053446254874
0.7068491038355202
0.7273332026379926
1.0010974247802817
0.5385551653276691
0.6995401819867714
-0.8759018814593319
0.05693352088071452
-0.7106350652139573
-0.15957736561119096
0.2358110446836271
0.38943474863487904
-0.11800706987251955
-0.5635053992006434
-1.424483891722441
-0.5628644442002412
0.053390868357061444
0.0375085253817207
0.1902696036821557
0.3087762019958456
-0.11677823028249308
-0.14399949024929098
0.0058556535372329185
0.21992828315919
-0.1973378359777967
0.39209678768216877
0.24787116149931704
1.0307483618641733
0.96326519886786
0.9814401215720179
0.9016177627244639
-0.19257170272313234
-0.3183572327894537
-0.2748947158431926
-0.05984036782506817
-0.23249528313011159
0.38287494584606313
0.595894593777411
0.919656822318155
1.1006310550050384
1.0458357236482108
0.9705283658244918
0.42652544926435354
0.8690766709486668
0.848333141704439
0.6540961301631746
0.337991230427513
0.3982160689086418
0.172252579347686
0.23857672897231705
0.4669192707426946
-0.4960860990379368
-0.1743801204855701
0.15605577173940913
-0.49622010879005574
-0.3908949803632654
-0.506836560870023
-0.2568193916277261
-0.7200118141977602
-0.26570141825254595
-0.12256331344977686
0.13626981188214962
0.10936827033558644
-0.20395978180776028
-0.20271802018926846
0.12026344263473322
-0.30544186776838406
-1.203279896954605
-1.4939662340687858
-1.0056361392962725
-0.8054988802269776
-0.4763569799712232
-0.3815776194611804
-0.519543065202652
-0.3983301824274079
-0.46939679190644273
-0.3439593337533206
-0.05032083392388477
0.0600202133080022
0.2564966147218346
-0.0777805708582496
-0.0237671425169022
-0.00390471929362924
-0.2400454034879148
-0.16204316910840197
-0.5747450058034916
0.3454792895351164
0.4864093531593571
0.4106915124027722
0.5281927610763383
0.4492453734709098
0.20383823866192025
0.41666915016581446
0.3878148946843944
0.5972979166866927
0.735415124159349
0.40887310512745667
0.4464762342412471
0.47668095187169235
0.2800115774531106
-0.3239915286399619
-0.3772699215825722
-0.014500822891002789
-0.3882329349586442
-0.2470172348875586
-0.10950659000514168
-1.3298058364397787
-1.149564928961077
-1.8915301809314056
-2.0197784972801305
-1.9657172571019073
-2.310712228229372
-1.8141424906055585
-0.563086277400954
0.10114236583242207
0.16356243840565715
0.32591216087091646
0.23157334038237534
0.2916920726419461
0.5063127487865491
0.6126761437420117
0.4111178806918268
0.2600610184404325
0.2764379064516822
0.06861702320226798
0.30129013512560515
-0.23474029979971278
-0.21699011803043916
0.3109577059080455
0.2876306025652925
0.19975159946202697
-0.5789760246502433
-0.1518366526449787
-0.03586609250926387
0.4217005618174017
0.40586525302712656
0.4854301756950709
0.6042021769945989
0.4476440375621431
0.3469996322755208
0.5335077866159553
0.4743691336820023
0.13338210120975746
-0.06611404364908073
0.22151267909423084
-0.6033630850109145
-0.13353452926896317
-0.3391771274942444
-0.14068256540141513
-0.8035612264617048
-0.38656071936888375
-0.36155446865280316
-0.8783152642490302
-0.4143092349006628
-1.261368289835656
-1.9057168713865407
-1.2980127116230789
-1.8897613298645648
-1.512496691713583
-1.428391438699794
-2.4863500708830006
-2.5253419329786535
-2.509130260497585
-2.736934147226785
-1.6717335579234092
-0.7356889152966274
-0.10340950497356104
-1.4694047810830446
-0.6073596100313732
-1.6452776829346065
-1.7222601114632252
-0.6758228444790554
-2.073037136919476
-1.3377765807025612
-0.7214577556539491
-0.016477343511270972
-0.4486902430558572
-0.779624239823322
-0.6333622849255619
-1.3281892142814264
-1.2999497637011184
-1.0773369995119149
-0.7377336054013721
-0.9702749113279923
-0.4702774295048223
-0.2200736972888542
-0.19021968987618582
-0.2358325499955487
0.10859966923090891
0.36225115441397665
0.4255273099855851
-0.04692773784866326
-0.07086511774989158
-0.1608358729928103
-0.2314595836741616
-0.010330778196721933
-0.16979555091971268
-1.8008914674867955
-1.8980976001094594
-1.0455718501704485
-0.2957631629006834
-0.5422549149006246
-0.4658754031145808
0.12508687846788638
0.14717873341274873
0.23322878641573688
0.3824781811811634
0.2505843221020789
-0.8268081506226611
-1.3479248540583424
-0.34654719285979285
-0.03445824545092269
-0.9931873501627617
-0.9289044849899488
-1.1991734312985411
-2.016972868393057
-1.9619187364268287
-1.205183469677669
-1.2487930781113272
-1.2102607065810487
-1.0050632233665637
-0.6282438322605726
-0.23516560839210116
0.10306669489844342
-0.43313036591066456
-0.7259335621175962
-1.2289662770605223
-0.8150929669605728
-1.1185276907064234
-0.04676891259067985
-0.18050897421660714
-0.8705321909825159
0.020377977497559895
-1.124972044950892
-0.22995810948364556
0.31372683400940554
-1.0130127673599838
-1.0190700591109552
-0.6284487134705858
-0.2410561040160141
-0.8252282701541928
-1.680682199676311
-1.012347899120332
-0.7250142242853886
-0.8189619963250555
-0.8866673694308325
-0.5812213026136165
-1.4859298687380191
-1.8912902906680826
-2.506764712837762
-0.7967709297702688
-0.14667093732541614
0.23500483942315958
0.5587755319861281
0.0023535458000609397
-1.2063472598348155
-2.182965547802556
-2.216919648394984
-2.6943800856008746
-1.5604590892607697
-1.5034206602595819
-1.2816852391660856
-1.453839190371444
-1.1240352702785779
-1.759621070378404
-1.1420706630215463
-1.803948505597038
-1.546883352378869
-0.33831406177931245
0.1483373210249245
-0.1635810307081813
-0.3865810847729797
0.11141370610863839
-0.7892254686318618
-0.3256555117813148
-0.26808275096958617
-0.6145483724721053
-1.0783954277034598
-1.219940473269801
-2.4183868154570933
-2.0930147488514668
-2.263195415755075
-2.344929246261662
-1.878983951872672
-1.1550177380118194
-1.0424846555835017
-0.5844197112411537
-1.114772335533663
-0.7688452732208854
-0.19277095796400917
-0.06054077489619209
-1.1517673155868637
-1.371683322106554
-1.7775909428575316
-2.023626380062152
-0.9412527391388843
-1.4217701194145413
-1.8927150572845006
-1.5248799551922458
-1.9790539181987674
-2.1666355006282076
-2.0222620004927063
-1.7196432651613152
-1.397179754091649
-1.6858755465887145
-2.127007680069031
-1.9686834779729756
-1.1809699554501445
-0.75304790906352
-0.5922303622403804
-1.0316071217712175
-1.7042385231229749
-0.41781890184810777
-0.3037315107943331
-0.22602058716993131
-0.1273893461582859
-0.2135204077784447
0.12936977639827577
0.4206628641900768
-0.2178588126546323
0.28337644593980693
0.6588223160750049
0.5444394807200377
0.8461511679325644
1.045945755654209
1.0105707127489916
0.6641756518172844
0.7010223757135904
-0.33426907851507603
0.3066533639714601
-0.4942361948648816
0.38841909139948
-0.20218468296650044
0.024638773433182163
0.28732695862058594
0.65189168310774
0.49378852005849394
0.03544375267164403
-0.12482942288725517
-0.8683971620330476
-0.30407896754778924
0.40315021137673873
-0.12531898471228003
0.1723132143040513
-0.20301103089274042
0.22396846762484973
0.5326365773956647
0.532928724033427
0.5261796237645127
0.5774344043367586
0.5661216901849178
0.5862850073299424
0.2715301673105668
0.5890610762882715
0.5945463209757101
0.5204527304574785
-0.6770348793443559
-1.3425286605132931
-1.6886828696628897
-0.5902231113924884
-0.89537631995076
-0.4357744899682747
0.21562076397177216
0.3553967906723822
0.24024981146299124
0.47722954692879593
0.13992146262900146
0.8957490889128076
0.7928821822479076
0.4367436296042235
0.9018131624104904
0.531656196133065
0.5625116319570681
0.6801887427400287
1.0242254029006514
0.7470333031917293
0.40233374915966946
0.6336645093435787
-0.6842647976633294
0.1496136485279246
0.48209912255757703
0.6033942081534691
0.3719300696384136
0.3914093993872971
0.19722207264408598
0.35790190851444537
0.3259877109492499
0.39231820180603105
0.32538701596970576
0.7263810638254246
0.8485260990162221
-0.2846898647217512
0.5262715869157653
-1.241770144764036
-0.330737887047685
0.29922652996355914
0.6702134648326434
0.5856989738695236
0.8721502538926633
0.7562899907368663
-0.041535975446747045
0.4387069430205979
0.9668839761305902
1.0266191410579366
0.6807436949650445
-0.25139667268021765
-0.9100003001432944
-1.9338734127709476
-2.2081939979240115
-0.4068902765108623
0.5370889600178835
0.525338984624983
-1.0080703686567456
-2.2407359108576737
-1.810604024405254
-0.7165134442378512
-0.619906623419566
-0.7909710640568742
-0.4557022920388557
-0.8087967376578666
-0.25530787619700224
0.35662320354134375
0.05996518271469668
0.3817323839191074
0.30747935444589786
0.2797241231134705
0.5040421572946431
0.35709871824979555
0.5359608818106572
0.7513852373897343
0.7649611135738439
0.7851187173182438
0.9783554011953202
1.041314083277082
0.9863292179473646
-0.1937322867679375
-0.0673255845145285
0.08049444922230434
-1.3257245025909692
-1.900539573251481
-2.592248327944272
-2.772270713848885
-1.0300010228592453
0.1497657743818349
0.472206746816949
0.5734070985486299
0.6078943814028205
0.6096730036030982
0.5772041506175868
0.6805688167954684
0.53925768425765
0.7122206456752741
0.6126805086966598
0.10217531995531473
-0.21267051195759543
-1.4076184310415694
-1.8818751616537575
-2.0697687413021835
-1.9760992449257755
-1.2998610329079852
-1.1409248619779904
-0.9502982057117442
-1.8741506205460943
-1.1270546189717994
-0.13160261480470076
0.12326373335730058
0.6361372891333156
0.2930727651099354
0.024726961974954324
0.05294332172406552
-0.14996154868567166
-0.2137978719188382
0.12193906424660306
0.4086218626633099
0.4546119099553436
0.5610611268405272
0.10953639173283078
-0.6405185630133833
0.49811372893487105
0.7646157274710459
0.9752436018033875
1.1081784863915258
1.1711079837317637
1.205326258931089
1.243803185839469
1.2188166732202876
1.372268895713722
1.2980468737447342
1.3340176302270872
1.2788350160973954
1.493466329698025
1.3203908362298167
1.3704857133644655
1.4321371453400644
1.533498244526235
1.339375569454989
1.4852305051996497
1.5238721034934928
1.6650819841639222
1.1883288681271478
1.6342751955619028
1.4105661308086164
1.2818453389979365
1.300180256028415
1.3303384111531926
1.4207060434873515
1.4532336440660105
1.484766684250292
1.3097975231040568
1.5937911169062717
1.1907695608035316
0.9303337094924494
-0.1520115991739271
-1.8629711621405194
-2.4068319969952534
-2.151597046357178
-2.6118407048822174
0.14939794727329306
0.5559880039612105
0.5459190669464788
0.1793654642020855
0.4723303662350622
0.616130835075826
0.5229568500054651
0.7151992025498528
0.012737792815229965
0.13381648629128506
-0.1599871578636142
0.0653815631840187
0.34373132650733523
-0.3860307517109606
-0.6119878608099091
-0.07366059852799856
0.6887984606816723
0.8235907326752863
0.23325839580084218
0.510024235141803
0.46175744120332407
0.8383572640974017
0.945113896333831
1.0798466201994348
1.200378628229448
0.46389571493632686
1.0136266016446336
1.300943395038096
1.2774976027194245
1.0918493999628573
0.802362208341965
0.7858789842471444
0.9386120572438809
0.9086748110123086
0.9663749531072263
1.0029319044477119
1.0919035604128504
1.0998310332948174
1.1570932279629018
1.1269779034250416
0.42944146718200166
0.727556266316803
1.003655740018574
-1.6103191846105929
-1.438920282400277
-1.2068496982524173
-0.33283440991416635
-0.9326267754496852
0.15223395198599693
0.34662319496631344
0.19149383245489832
0.8046853517154462
0.8189485855503135
0.9825972563860896
1.2806268193980022
1.2888869342323626
0.9708427737463814
0.5762348912279442
0.517952358983824
-0.8992079212521553
-1.7047393652067186
-2.3328384732340943
-2.0197332463577458
0.06173442964201736
-2.051681325380072
-1.9874989521628648
-0.7702312677418001
-0.7375815690920853
-1.675039610153025
-2.6540154594445906
-1.91507025196023
-1.0884848129779503
-0.7775901071088289
-0.08259193639869755
0.010230245644133051
-0.3016419719644184
-0.7825625287667799
-0.8784103511403158
-0.04562884406263069
0.4377483855418022
0.6776829589179211
0.7937077401242221
0.8394176904515935
0.9033854762427846
0.8685263499800361
0.9460002322955174
0.18214515366947354
0.40733926303950463
-0.3878865675585394
0.27254587085649473
0.39954193767492263
0.263061117214402
0.4850915551967377
0.8549632773542596
0.8175964532877641
0.2881804461005037
0.9291884151281089
0.7949164924520252
0.7895265208150211
0.16108857916019065
0.2453120060527848
0.17844580258270676
0.19425606023967035
0.2146201174386754
-1.3408096413323245
-1.01386631566389
-1.9192943611613862
-2.2544285933932624
-1.2465279838334395
-0.8492460138010036
-0.7109984776576543
-2.2988202545356264
-0.6694106521149779
-1.2192217656571402
-2.303127272657888
-0.3290418090818562
-0.11167257432173802
-0.36199992825231353
-0.31185774055832566
-1.018873140327581
-0.9076497004523606
0.049870439618276405
-1.0574371241796092
-1.376683974721571
-2.0974952854768287
-1.532122885598697
-1.7991452837956663
-0.5638962709130629
-2.535587176217129
-0.8332304325431839
-1.919981548906524
-1.7217221092248463
-0.017366234780044926
0.8770334151828452
1.067732193947982
1.13272732916022
1.046739337725084
0.7657899751570882
-0.3567985589118814
-1.1781915070934268
-0.5515449943060078
0.3391785145350757
0.7066856412633881
0.6790774519373434
-1.2659104384490978
-0.35150953905388443
0.4669635021570258
0.5928016805738849
0.9650152850383809
0.9596538002943985
0.9590383756693315
1.1237179508683532
0.8351405911039211
1.0298858086955374
0.8743331973406199
0.8002453940097309
0.7630529650523982
0.7888132637627554
-0.6290330983319341
-0.3339067278463098
0.38377812537230854
0.9149103451151335
0.23491116845202548
-0.6621191031067484
-2.6934371577848886
-0.9600651264579516
0.024452748889346725
-0.9442349263303422
0.5651550094481147
0.7922074323510728
0.538412278292734
-0.16148563384469586
-0.21808404525738634
-0.25632248812926955
-0.9850782278070045
0.061503080476646925
0.6075029600352991
0.7162059139644957
0.5245008664007215
0.6584912428661358
0.6397241889261104
0.8127158634715789
0.3942977632340575
-0.8550938396632941
-0.253260579416646
-1.4587986357022291
-2.179275676887952
-2.281178707321808
-0.4118335410505059
-2.10306783812809
-0.2642941462671402
0.5046416537929922
0.8726838917697276
0.7469987994963733
0.4167399508155051
0.6269092140604026
-0.33345010082799265
0.5621975281677014
0.7324716504323557
0.34999593557775643
-1.2540755788701858
-0.36270818337425736
0.20922593890275515
-0.028660591473995974
-2.426547233295361
-0.5872500261831114
-1.6573204151833423
-0.3507681833320315
0.5074583299561392
1.129443935549888
0.966753964564188
0.7135027491732617
-1.4756834606050373
-0.470873605923958
0.4972664377679954
-0.03039738366348589
-2.1327940477597354
-0.15232784485074916
-0.3785818171827546
-1.18239934535631
0.2470720236725671
0.25449412150630235
-1.8850026418127932
-1.8796730781602202
-2.569999682592411
-2.304131169946655
-1.015549948479257
-1.1698720844215102
-0.6196298547037994
-0.6040872561828062
-0.797593250980956
-0.7504445894432641
-0.7324395180960429
-0.20245640977935764
-0.7991190569149519
0.1872441662055236
-0.023741230566849708
0.43042783971333726
0.42037753805770484
0.06497977596597551
-0.48019581032182784
0.012059877048268608
-0.557543710908062
-1.5518430505287453
-0.26510705795168343
-0.6010031849917106
-0.7146200760708573
-0.16402727284869242
-0.9107193076701674
-0.4875848111972133
-0.0021607158054434555
0.6697399088463483
0.8576106358069063
0.8504377529261626
0.7720002592404354
0.8463916055194171
0.06969280225922236
-0.1874304674549822
-0.08792147260484226
-0.46625297521927
-0.36616745100702774
0.05706539657337446
0.21212354328881178
0.09961267040770072
-0.3614888585593055
-0.1920127497025552
-1.8270430295714248
-2.638084017440116
-2.5645943727820026
-2.597265599599622
-2.5149228472131653
