0.46541882
0.2981323
0.10418618
0.25653717
0.39788654
0.29952532
0.03942719
0.18815815
0.08352426
0.30426317
-0.42527765
-0.4080873
-0.29562598
0.14551866
-0.059951484
0.15222296
0.3150431
0.48741895
0.3293267
0.6886898
0.63916576
0.60639226
0.82953453
0.8034018
0.8855251
0.7707559
0.91275966
0.5188819
0.46131423
0.36391848
0.25668085
0.64811254
0.4324972
0.5887079
0.58933026
0.29409847
0.60784894
0.46157947
0.42442808
0.57112014
0.65061283
0.8879258
0.6881853
0.36553368
0.43008325
0.18191168
0.41231027
0.5842858
0.46302146
0.40716633
0.31679338
0.24850732
-0.053470135
0.42284346
0.12056747
0.35472998
0.2645847
0.17983481
0.7555342
0.67409253
0.6857686
0.14248943
0.04850343
0.08703244
0.27618867
-0.007615447
0.04102537
-0.20267218
-0.4594245
-0.21506298
-0.03199607
-0.2916929
0.048832476
0.045294195
0.5387369
-0.10931873
0.27353698
0.5046907
0.6627665
0.5861469
0.6922926
0.86480963
0.6956747
0.41301048
0.8252905
0.9446035
1.0561668
0.90815854
0.9449247
1.0316956
1.1053655
0.95041716
0.7928559
0.92120636
0.34022635
0.29913133
0.48049456
0.7146014
0.6319448
0.64768493
0.81788695
0.6925136
0.79407895
0.6610772
0.67619884
0.9815632
1.1928761
1.2603345
1.1635695
0.9889777
0.9404513
0.84505033
1.1223521
-0.020904064
-0.29481286
-0.26891243
-0.21294445
-0.1978643
0.014279664
0.19619581
0.21704876
-0.046735704
-0.22759938
0.23298001
0.09837651
0.17719913
0.40261176
0.57324266
0.67437196
0.3907056
0.90293646
1.2080228
1.1956363
1.0592642
1.1013418
1.1651006
0.9370012
0.68061405
1.208169
0.7327775
0.9672023
-0.99097395
-1.2869334
0.27695498
0.8231492
-1.2741865
0.627458
0.21977478
0.8010215
-2.2485526
-2.5959783
-1.5339563
-0.93786085
-1.9642336
-1.6718082
-2.61398
-2.0788515
-1.7509992
-1.3486077
-2.3961475
-2.8984296
-1.6315324
-0.82338536
-0.18356562
-0.29746056
0.1840496
0.58197856
0.50507164
0.7239218
0.8042135
1.1374977
0.89872956
0.3172938
0.9059695
1.1556284
0.95772135
1.0008578
1.219038
0.51045007
1.0083678
0.6828672
0.91867495
1.0040202
0.07338598
0.66346824
0.8054208
0.8960601
0.21979636
0.6200097
0.5095097
0.60194093
0.9330292
0.7991967
0.5157796
0.6031145
0.28562924
0.09929964
0.3116768
-0.66745245
0.1281847
-0.2280407
0.18173692
0.29034948
-0.3007099
-0.3961072
0.023947597
-0.28274572
-0.067175925
-0.3603819
-0.9319104
-2.454376
-1.2797965
-0.34222436
0.08348426
-0.22574258
0.25452214
0.29713416
0.35650036
0.48435047
0.37796375
0.6643767
0.82633907
-0.18607134
-2.4422715
-0.5434935
0.61371005
0.28664383
0.8498783
0.49158716
0.19305965
-0.05037248
-1.1809329
-2.121767
-1.6859896
-0.9475975
-0.72041905
-0.755396
0.03614837
-0.095889986
0.08621368
0.3353528
0.41607165
-0.6747893
-2.1411085
-2.0950997
-1.2952497
-1.018903
-0.638121
-0.7459024
-0.22019637
0.3425213
0.6452804
0.10059893
0.18583691
-1.0285099
-0.18493307
0.22648668
0.5352546
-0.34680283
0.18293607
0.114857465
0.3145737
0.63655025
0.14873666
-0.0748772
0.8617895
0.9847994
0.44118935
0.43975896
-0.30554843
0.38049096
-0.30091172
0.019309342
-0.03474909
-0.21755737
-0.6713836
-0.02292478
-0.67676306
-0.9193742
-1.0050374
-0.45883662
-0.91313696
-0.8805057
-1.0640612
-0.789364
-1.0450305
-0.62606084
-0.06870073
0.13315353
-1.2257887
-0.60196435
-0.72999585
-0.08301413
0.48531657
-0.008280933
0.16905975
0.2131226
0.67760396
0.7209134
0.7458583
0.33416617
0.6394461
0.02915755
-0.8282876
-1.6791377
-2.5475101
-1.1761702
-2.6344543
-0.35972363
-2.6504757
-1.5060055
-0.54113543
-0.74130964
-0.26003438
0.22783935
0.19396219
0.46415925
0.6337161
0.45267773
0.2213237
0.22561172
0.43023354
0.68362296
0.7928163
0.93240213
0.407814
-2.4133236
-0.5653479
0.32553762
-2.5526166
-0.11088979
0.302005
0.20442063
0.10227293
-0.17837149
-0.2124772
0.079571515
0.28437006
0.44548583
0.21060711
0.24718866
0.040958256
0.5777919
0.7797804
0.37355205
0.67984736
0.7970972
0.36796987
0.32091773
0.24686006
0.278763
-0.08312434
0.25560123
0.6120295
-0.71745765
-0.5048909
0.2551041
-0.37816215
-0.07926315
1.0972018
1.342701
-0.44690895
0.21592432
0.67479306
0.26046923
0.89384425
0.80024004
0.4130268
0.032728106
0.6763046
1.6391873
0.25338334
0.3928393
0.7422605
0.63096476
1.0598767
0.8039278
1.2434115
0.92674017
0.2382603
-0.23073775
0.39819822
0.6240738
0.78258157
0.7399054
0.30748433
0.6543368
0.9571326
0.6675178
0.77300024
0.732051
0.332348
0.5610173
0.4786321
0.6682374
-0.3064474
0.30715913
0.62303644
0.726074
0.4723666
0.12057981
-0.65963125
-0.24338228
0.31989843
0.579201
-0.18620127
0.0903008
-0.04312867
-0.24306267
-1.8543308
-1.1660757
-0.45498747
0.03630939
0.27351487
-0.06372982
-0.41445363
-0.38197666
-0.095880866
-0.20419532
-1.8406394
-0.50261617
0.1664514
0.053458035
-1.3793852
-1.2025551
-1.4112115
-1.009026
-0.6901717
-0.93431854
-1.5352223
-1.9561539
-2.4577618
-1.5892959
-0.93273425
-0.4044518
0.009529054
-0.32245713
-0.41106385
-1.1930898
-0.7366539
-0.055746973
-0.87546146
-0.6878078
-0.16072828
0.09479612
0.43048817
0.22825524
-0.7297145
-0.050630152
0.43083334
0.8418493
0.7823641
0.689235
0.6421604
0.6291182
0.7864858
0.4451548
0.72742903
0.40430146
0.28820264
-1.0721823
-1.9783456
-1.3280225
-1.4456296
-1.821703
-0.8033819
-0.15620786
-0.8797389
-0.6567861
-0.72231233
-0.69273996
-2.384328
-1.4073107
-0.70717573
-0.12982124
-0.30258298
-1.6255901
-1.3736514
-1.2504398
-2.1648688
-2.2228951
-1.5662591
-2.382428
-2.4856303
-1.1878334
-0.06107843
0.220435
-0.055612564
-0.30133593
0.23014048
-0.37380928
-0.11877835
0.494686
0.4967656
0.41218197
0.7211681
0.3927299
0.53676903
0.46252763
0.3977169
0.52320457
-0.0020096898
-2.0822299
-1.035127
-0.7248601
-0.058643162
-0.07464486
-1.0965087
-0.6614444
0.23453742
-0.27841705
0.480246
0.78112364
-0.38508308
0.77683914
0.87237763
1.0878356
1.2929281
1.115174
1.2152448
0.89174265
0.98269933
0.5160651
-0.386706
-1.6264002
-0.807114
0.19734615
0.68338346
-1.719907
-0.72461104
-0.43301874
0.07213506
0.40477413
0.35041505
-1.8718712
-2.5099697
-0.3843714
-1.7742734
-1.1790233
-1.9793818
-2.825837
-1.040923
-0.4941544
-1.1394733
-0.2588352
0.48480752
0.49878326
0.05338958
0.48568004
0.64125514
-1.302395
-0.50317204
-0.13586187
-0.37171602
-0.63713264
-2.258548
-2.567072
-1.9060559
-1.2142853
-0.835474
-0.25591433
-0.3108397
-2.2883775
-1.2853634
-0.33005458
-0.031740785
0.2505823
0.35989597
-0.19521046
-1.0433197
-0.77444375
0.29416534
0.5529632
0.3157763
0.51575834
-0.245507
0.17003644
0.13123691
0.09688625
-0.07806182
-0.46965086
-1.5677826
-1.9798815
-2.3811007
-2.3989909
-1.360892
-0.7875711
-1.7477016
-2.0865731
-1.2930889
-1.8588061
-2.0908396
-1.8710136
-2.2372959
-1.6635413
-0.22713017
-0.8322997
-0.37238193
-0.24029529
-0.9376277
0.31519318
-0.06759155
0.35437435
0.8975611
0.9723395
0.34009007
-0.16718149
-1.1834677
-0.5027455
0.02676323
0.21647891
0.079028964
-0.34303248
-1.0807338
-2.0351086
-0.9796847
-1.0350668
-1.1334496
-0.82589376
-1.5101893
-2.460864
-2.73668
-1.3815683
-0.9616083
-0.935727
-1.7486284
-1.3760116
-2.1609108
-2.0380447
-2.1498697
-1.3264055
-1.3045942
-1.8152313
-1.6790397
-1.8698604
-0.8119482
-0.16899598
0.27220395
0.24737382
0.1320329
0.22037315
0.15066662
0.097937435
0.23044002
-0.77810526
-2.94899
-1.2746103
-0.61030316
-1.1172211
-0.957957
-0.91206133
-0.36047608
-0.84421957
-1.2560331
-1.3165778
-1.8984973
-2.7943141
-2.6547174
-1.8449278
-0.9611777
-0.63713944
-0.1240325
-0.1349206
-0.023733377
0.17228597
-0.691069
-0.0134295225
-0.27878475
0.39024103
-0.006179929
0.60317564
-0.14613539
0.43833178
0.5181811
-0.24499607
0.21525931
0.38170308
0.40870002
-0.5115477
-0.06605244
0.20786268
0.34437877
0.4509648
0.3815959
0.21560267
-0.1901747
-0.42211032
-0.3612064
-0.3100205
-0.17269093
0.36578703
0.4451499
-0.34287512
-0.600096
-2.117138
0.11842546
-0.45280856
0.13675776
0.073736906
0.066015124
-0.71339345
-0.926898
-0.91179264
-0.24606657
-0.44711685
-0.1682682
0.116473824
0.3572172
0.33354217
0.24261144
0.29732388
0.084450364
0.19050148
-0.01487565
0.24070269
0.26545814
0.286173
0.19903079
-0.31029904
0.18808326
0.32853085
0.17138714
0.14238805
-0.08484101
0.30765453
-0.22491074
0.066972196
0.20474744
0.14994615
-1.1103605
-0.42950737
-0.38268822
-0.09971851
-0.070650816
-0.032343447
-0.10101408
0.0010891557
-0.08766627
-0.5536468
-0.71306753
-0.41556954
-1.387818
-0.26513308
0.4429751
0.30242324
-0.25751412
-0.52893066
-1.249719
-0.63955843
-0.14627802
0.06273466
-0.19973046
0.0985356
-0.55876124
-2.486412
-1.7461712
-0.85033834
0.024825186
-0.048416972
0.3347595
0.09308243
-0.20921409
-0.20193511
0.027575612
0.13520542
0.061397374
-0.66586685
-1.2858511
-0.34127724
-0.48950678
0.08731279
0.021849602
-0.4174006
-0.16189992
-0.28702825
-2.1361265
-2.5851846
-1.6535239
-0.19614494
-0.062406182
-0.37792075
0.19069317
0.32973707
0.42199388
0.12854576
-0.5031297
-0.57574606
-0.24657297
-0.7647016
-2.3789709
-1.3586221
-1.3970796
-1.0669403
-1.8437645
-2.44598
-1.9866195
-2.4392555
-2.3702807
-1.3728533
-0.3611502
0.03642872
0.13959715
0.25294363
0.24407133
0.15983489
-0.8027655
-0.7492124
-0.26112068
-0.051225662
-0.3197406
-1.7846687
-1.0696583
-0.2565357
0.15888649
0.4498396
0.44433242
0.27434424
0.50211495
0.7508639
0.894407
0.75137466
0.3610198
0.6765979
0.79051584
0.86711764
0.039689183
0.2977483
0.45834735
0.4446989
0.426942
0.3118771
0.13439423
0.457192
0.3853096
0.08908287
0.50717086
-0.17020005
0.20603117
0.17373669
-0.069829404
0.3544103
0.5176804
0.48225302
0.11286265
-0.37751114
-0.11795372
-0.5905497
-2.1480243
-2.3864675
-0.9617996
-1.2414956
-2.5606072
-2.6287818
-1.1715413
-0.26891404
-0.34836602
0.0061413646
0.32256973
0.19781831
0.20217079
-0.9135796
-0.9118744
-0.1955235
-0.12669653
-0.31454682
-0.16084844
-0.52257407
0.03299868
0.09295142
-0.8509681
-1.9391887
-0.97820485
0.35734415
0.052087665
0.19431445
0.4073504
0.76233125
0.15264267
-1.2286328
-0.45759255
-0.105211556
-1.4289501
-0.2539336
0.14217225
-0.10941368
0.20463586
0.044502705
0.11757472
0.23308066
0.24631068
0.12976405
0.010022193
0.3747545
-0.025508702
0.060863733
-0.20072764
0.007358849
0.089420736
-1.5058606
-2.6009517
-2.5807133
-1.0901484
-1.213798
-0.14724094
-0.3045885
0.22975966
-0.0066745877
0.12871462
-0.09917289
0.04019296
0.04415089
0.09569359
-0.98978376
-0.42168134
-0.3976485
-1.1922448
-2.0195878
-0.8776964
-0.22990727
-0.8194431
-0.61860716
-1.9880133
-2.4917443
-1.423666
-0.4163195
-0.44456667
-0.08421844
-0.450818
-0.34812927
-0.21162915
-0.025899827
0.124604434
0.19681603
-1.2383136
-0.3832993
0.18550742
0.09600553
0.24044725
-0.16869813
-0.34607083
-0.58154666
-0.88322353
-0.6228107
-0.33232987
-0.4132074
-0.6115552
-0.2376805
-0.20926946
0.2612783
0.7484158
0.74344015
0.76144856
0.639859
0.7785863
0.43234795
0.14515156
0.047711432
0.067596346
-0.66595614
0.0740107
-0.0045707226
0.084898025
0.456184
0.49326378
-1.2840631
-1.7343411
-0.11217946
-1.0914645
-1.2890269
-0.6082599
-1.0188608
-0.8701875
-0.29805797
-0.12550598
-0.17502362
-0.48876727
-0.8539399
-0.56113636
-1.8806636
-2.5333138
-1.4390457
-0.45471042
0.21552664
-0.049461365
0.15552819
0.1874232
0.45479846
0.36684293
-0.26002717
-1.2484982
-0.2852881
0.30809504
0.19980976
0.04806164
-0.7288326
-0.36619526
-0.29506272
0.08486128
0.27951354
0.14647704
0.45184678
0.32578322
0.21797419
-0.119770944
-0.39326435
-0.31922352
-0.46807224
0.0041680634
0.16939098
0.5051477
0.09986287
0.4892739
0.9370552
1.2333827
0.86675155
1.1700282
1.2923746
-0.39034665
0.52849126
0.5515778
0.5644147
0.311728
0.18479085
0.45080268
0.21943268
-0.1942147
-0.38538325
0.12234956
-2.3672059
-1.6077838
-0.29486996
-0.17092884
0.2985953
0.38984025
0.5947816
-0.96217597
-2.3648698
-0.81248724
-1.5915775
-1.6562307
-0.4666326
0.24499431
0.51623005
0.42898053
0.24123207
-0.60929334
-0.0039067864
0.2626759
0.26390907
0.1872291
0.45322567
0.7404364
0.33232892
-0.24117166
0.247659
-1.0515219
-0.010627806
0.19445646
-0.11850762
-0.49644643
0.43070683
0.41462347
0.20327854
-0.67543256
-1.0673016
0.54560524
0.9196941
-0.28950965
-0.3882873
0.20581037
0.5014169
0.72809607
0.534903
-0.52851415
-0.36336762
-0.18431121
-0.24444193
-1.491025
-0.28561664
-0.39823818
0.21705586
0.01562813
-0.45496702
-1.1237956
-0.2071566
0.54785323
0.60656744
0.50369793
0.77977645
1.041286
-0.25531328
0.37102103
-0.42464507
0.18655902
-0.42710352
0.79552937
0.60918707
-0.43692714
0.25587124
0.25193596
0.104976654
0.31977975
-0.32793075
0.67496216
0.98474455
0.07030061
-0.56317246
-0.74311256
-0.91117346
-0.46630186
-0.65794015
-0.05598885
-0.03678751
0.118624
0.014812082
0.007342279
-0.5215093
0.25170594
0.0990684
-0.33155394
0.29254615
-0.08209747
0.538757
0.0651077
0.7448176
-0.34279883
-0.6034628
-0.102027416
-0.08508861
-0.07853305
-0.30560297
-0.38458323
-0.04854715
0.28662205
0.27785733
0.685658
0.701815
0.39496136
0.73189247
0.7258446
1.0805768
0.62556374
0.8433136
-0.6967783
0.06757149
-0.67430246
-0.26421356
0.16468567
0.32004344
-0.18682247
-0.5136068
-1.3503698
-0.539433
-0.015273094
-0.066164255
0.12430188
0.31578895
-0.13533115
-0.25279397
-0.040918708
0.28941974
-0.10932052
0.4034535
0.22652447
1.1540606
1.0286613
1.0158905
0.985319
-0.1979214
-0.32879776
-0.36506522
-0.009645641
-0.26825142
0.32696798
0.61524814
0.9713321
1.1374878
1.1503031
1.1359842
0.5157392
1.0300634
1.0141037
0.79676265
0.5204659
0.60990363
0.26491356
0.39827615
0.6389527
-0.45829618
-0.19519669
0.23332453
-0.593341
-0.3883826
-0.50494146
-0.2576838
-0.76311433
-0.1984011
-0.025910556
0.25059998
0.22586483
-0.20367098
-0.20683229
0.18588528
-0.27182603
-1.2094661
-1.5642078
-1.0302311
-0.90145934
-0.5010674
-0.40282977
-0.5051762
-0.4106856
-0.42547822
-0.27156895
0.032241583
0.24784228
0.4386323
0.029426306
0.026225835
-0.016577125
-0.17381686
-0.06973511
-0.5133959
0.46180865
0.6590101
0.49640203
0.67862844
0.56848204
0.34405613
0.49285278
0.4489997
0.7442589
0.8354077
0.5202485
0.58272654
0.604613
0.33211964
-0.24170911
-0.39038396
0.043097258
-0.46317482
-0.16658556
-0.11663538
-1.3717653
-1.1527715
-1.8902664
-2.0251937
-2.0065763
-2.2963898
-1.8006363
-0.56645954
0.13568252
0.18667561
0.2948634
0.24231091
0.26667225
0.6064631
0.683366
0.38673443
0.27848887
0.30627617
0.01000464
0.16208178
-0.29615968
-0.31273884
0.12622657
0.2377412
0.15607476
-0.73885715
-0.27148408
-0.194655
0.3215019
0.33697075
0.31493765
0.49269342
0.34093446
0.18279195
0.40283114
0.3677722
-0.025384903
0.04325646
0.26281512
-0.60111403
-0.16184157
-0.3555982
-0.14797258
-0.7678418
-0.46395737
-0.33280194
-0.87632
-0.37907666
-1.285006
-1.9324291
-1.1418425
-1.8297133
-1.4824215
-1.4593863
-2.4739459
-2.5129116
-2.5169678
-2.8105474
-1.8416615
-0.71322405
-0.10279608
-1.4727308
-0.60671234
-1.7492285
-1.9087963
-0.8010495
-2.2688332
-1.5128615
-0.93524325
-0.0711385
-0.6337143
-0.9886669
-0.9260658
-1.5545428
-1.4993639
-1.1520822
-0.7444103
-0.96730936
-0.4695351
-0.25612706
-0.2696324
-0.2811497
0.06932375
0.45053744
0.48460358
-0.026636481
-0.08311695
-0.1126923
-0.2411341
-0.10053712
-0.18127394
-1.7346642
-1.9069235
-0.93426096
-0.34889597
-0.53266287
-0.44533765
0.1193136
0.12584707
0.25470692
0.43722856
0.21272895
-0.8430455
-1.3855597
-0.33605283
-0.109449506
-0.9596187
-0.7697147
-1.0662029
-2.2322931
-2.0312982
-1.2200948
-1.1587279
-1.1526588
-0.92588735
-0.59197986
-0.1724478
0.09234813
-0.5023575
-0.70252573
-1.2234931
-0.79528046
-1.0696203
0.03947398
-0.11635506
-0.82862306
0.04747662
-1.0669758
-0.17452592
0.30833066
-1.0467571
-1.0230402
-0.61365247
-0.18964791
-0.8184422
-1.7810478
-1.0244173
-0.6644008
-0.7868937
-0.95113933
-0.4354866
-1.5645053
-1.9981112
-2.5340884
-0.6251559
-0.08684808
0.19982025
0.71275836
-0.06344235
-1.1804743
-2.3745534
-2.213412
-2.7197886
-1.5246944
-1.5322523
-1.2093765
-1.3505691
-0.9889264
-1.6399207
-1.0025805
-1.80634
-1.3524421
-0.19272864
0.13792124
-0.14155078
-0.43853062
0.011405259
-0.89441097
-0.39312965
-0.2738037
-0.6610668
-1.1216762
-1.2541094
-2.2828014
-2.2440326
-2.2195277
-2.3083978
-1.7998352
-1.0319529
-0.8824514
-0.47894502
-1.0644236
-0.6828456
-0.08161867
0.09348792
-1.1824743
-1.5315049
-1.8517842
-2.1606193
-1.2165321
-1.7092001
-2.1652179
-1.7136099
-2.1708035
-2.283702
-2.1273906
-1.8248234
-1.5789237
-1.8053617
-2.2649739
-1.9311805
-1.4759568
-0.9233906
-0.6257191
-0.94132936
-1.710222
-0.34397763
-0.22894138
-0.056560874
0.08711368
-0.2629552
0.15898237
0.4491973
-0.26391584
0.115615934
0.6379044
0.5640381
0.8191751
1.0624983
1.0120628
0.60411024
0.5796084
-0.4063819
0.20839903
-0.5498495
0.34256446
-0.33302718
-0.16610241
0.16678602
0.5314989
0.4179197
-0.11173308
-0.29750204
-0.9455514
-0.32438654
0.37194234
-0.1852988
0.06759417
-0.26641327
0.15535602
0.5558704
0.44125354
0.44453022
0.58148074
0.5223001
0.5747858
0.16776934
0.59811807
0.5678928
0.48166722
-0.82987034
-1.2990654
-1.6564536
-0.6822047
-0.9792073
-0.47545856
0.24729335
0.2720447
0.31407243
0.44402185
0.15507579
0.901797
0.81267065
0.37068698
0.9183815
0.45360103
0.5787173
0.7241384
1.1522512
0.8146508
0.35880196
0.6289601
-0.528649
0.10905102
0.47254235
0.6109109
0.36798757
0.3363072
0.07562092
0.2265501
0.14041603
0.29530358
0.15619397
0.69386834
0.8804625
-0.36012232
0.5004095
-1.1524822
-0.4075448
0.29185218
0.67585367
0.60974824
0.87667423
0.7287616
-0.1993233
0.28644437
1.0710306
1.1035733
0.73530835
-0.4269278
-0.88750625
-1.911243
-2.2622862
-0.5217128
0.52057284
0.5807365
-1.0289078
-2.409401
-1.7643046
-0.514755
-0.4624495
-0.44177788
-0.2742023
-0.63329804
-0.25093752
0.49791616
0.2647822
0.4778893
0.3521042
0.2892235
0.56293154
0.37031323
0.5748917
0.9152588
0.9677782
0.9355092
1.1020434
1.1973758
1.150982
-0.0561589
-0.036386073
0.30415067
-1.2760735
-1.833884
-2.6945798
-2.7205734
-0.80746806
0.26552045
0.69912267
0.77495766
0.8186516
0.69644463
0.70396227
0.81008303
0.8126361
0.7216977
0.5555553
0.15039662
-0.20038414
-1.2180821
-1.7774739
-1.9862924
-1.8978708
-1.1399632
-1.0048169
-0.84739494
-1.8453634
-0.95049083
-0.01822722
0.38144365
0.73009336
0.5207445
0.16819131
0.116517305
-0.0031207204
-0.0939945
0.18840492
0.6130194
0.56084454
0.6776444
0.22611025
-0.41564023
0.6270246
0.83581346
0.9658587
1.128092
1.2436869
1.2271695
1.19613
1.20849
1.2953148
1.3355545
1.4155455
1.3173826
1.5805287
1.39457
1.415652
1.4267604
1.6581025
1.3940411
1.444737
1.4299351
1.6182336
1.1920496
1.5911696
1.4511049
1.4093579
1.2747312
1.3956374
1.4355615
1.5044228
1.568763
1.3691959
1.6901044
1.2073647
0.99296045
-0.3281368
-2.0646315
-2.40018
-2.1130688
-2.69151
0.23187292
0.69844824
0.8567929
0.36851254
0.8221948
0.9667004
0.7520219
0.82382286
0.24219137
0.20353279
-0.020522177
0.1514706
0.33731383
-0.34941846
-0.4759152
-0.05734223
0.68922424
0.78089637
0.36119482
0.58730567
0.5323398
0.751042
0.9708267
1.1167991
1.2261317
0.46291187
0.9274378
1.2552098
1.3120699
1.2087771
0.8053025
0.7646649
0.88333213
0.8778254
0.9993699
0.90464973
1.2027001
1.2524166
1.1669956
1.234611
0.45033967
0.63779736
0.9864831
-1.7698808
-1.3198985
-1.1059818
-0.23050958
-0.9011364
0.3046049
0.52963024
0.35352656
0.84830856
0.98705274
0.98679197
1.2379079
1.3359162
1.0382746
0.55727965
0.45165884
-0.9262309
-1.7623284
-2.368574
-1.9898314
0.17388046
-2.171419
-1.9348433
-0.6733
-0.569167
-1.7614093
-2.6941836
-1.9289267
-1.1192412
-0.6183821
0.15870109
0.15643299
-0.16839492
-0.6656704
-0.8146838
0.053648353
0.46601504
0.7694913
0.80626804
0.9157268
1.0231422
0.9829635
1.0687361
0.25506383
0.4932836
-0.34536338
0.33415467
0.48745453
0.26120824
0.5479872
0.950482
0.8321874
0.31984478
1.0264277
0.875381
0.8761401
0.1935972
0.26078665
0.21075287
0.2285682
0.20296967
-1.278075
-1.0631484
-1.946621
-2.2146213
-1.0926589
-0.7295929
-0.5889802
-2.3337972
-0.7522713
-1.1503574
-2.273401
-0.28248066
0.08266744
-0.33267832
-0.21581966
-0.97268486
-0.83049226
0.20937955
-1.0078586
-1.3173001
-2.008633
-1.5135944
-1.7173271
-0.39983064
-2.5740063
-0.7874565
-1.9472573
-1.5923617
0.17315981
1.1657467
1.4362311
1.4309597
1.3003294
0.73339397
-0.3601135
-1.1483389
-0.4621331
0.31477553
0.6693472
0.88123584
-1.3623734
-0.28139222
0.47474316
0.65640247
0.92324084
1.0476875
0.97182524
1.2085241
0.8132066
1.1629169
0.92605954
0.80409306
0.7438719
0.8537346
-0.613711
-0.30662805
0.4028886
1.0538199
0.30880442
-0.6957493
-2.733921
-0.78826845
0.08978853
-0.64672554
0.9203822
1.0895841
0.76458234
-0.028947651
-0.047757685
-0.11758703
-0.81875515
0.17600742
0.7156671
0.93283874
0.38675645
0.50166607
0.5405783
0.60500205
0.35948634
-0.884225
-0.5013001
-1.4310875
-2.3313506
-2.3687365
-0.73552895
-2.3027413
-0.44292885
0.5651467
0.92088485
0.76854885
0.40191343
0.63222206
-0.17914438
0.5512239
0.75765306
0.40128815
-1.0185409
-0.39129674
0.055704802
-0.0031061172
-2.602289
-0.5590819
-1.6071427
-0.20299143
0.48297518
1.170681
1.1311698
0.7141981
-1.405155
-0.44414443
0.52193487
0.029491395
-2.146532
-0.21872193
-0.3802883
-1.1913847
0.2930684
0.36058724
-2.04982
-1.9101074
-2.7380586
-2.212649
-0.9040313
-0.9299787
-0.4155082
-0.3276338
-0.47000176
-0.39683652
-0.48773152
-0.11927527
-0.5398977
0.3040411
0.19752717
0.6766277
0.58175486
0.18583775
-0.44248778
0.11916959
-0.45175362
-1.502497
-0.18123329
-0.4071759
-0.46703327
-0.08709741
-0.78061724
-0.3423589
0.12915525
0.88282406
0.8936711
0.84430575
0.8565568
0.98170936
0.15762615
-0.12432337
0.040402472
-0.33184624
-0.23074067
0.18169785
0.29607654
0.1277945
-0.36925644
-0.17828667
-1.7774832
-2.5623045
-2.3536558
-2.43159
-2.39674
