0.42587095
0.22422376
0.048236728
0.17747986
0.34472176
0.24609962
-0.017310977
0.21516585
0.0842714
0.4015595
-0.5517777
-0.73356175
-0.35745895
0.19126219
-0.17706198
0.18853363
0.41677082
0.4847919
0.43307108
0.6879779
0.60799944
0.6304394
0.79915786
0.7260532
0.83198047
0.6221468
0.83700764
0.50737506
0.47980464
0.3660319
0.22872463
0.6478741
0.50396764
0.51796925
0.5474499
0.3742057
0.6998483
0.4542498
0.48836312
0.5912139
0.62925905
0.84774375
0.683884
0.36741474
0.4161585
0.14164129
0.41629064
0.54157525
0.53247464
0.49869937
0.2968794
0.21460417
-0.1390236
0.44325328
0.055301726
0.32881078
0.33326396
0.15918306
0.72568846
0.650939
0.6677396
0.1430808
0.055993885
0.08765584
0.25590587
-0.07848436
-0.023532033
-0.22540474
-0.51528144
-0.30843318
-0.039979875
-0.35614747
0.003573954
-0.057525396
0.55388135
-0.17005432
0.27967596
0.6523571
0.7344253
0.6122506
0.6223292
0.8633009
0.77233267
0.4590362
0.7780155
0.9830977
1.0747893
0.9369567
0.8729793
1.0031042
1.166796
0.99780095
0.71988857
0.8831657
0.17947203
0.3302738
0.5280671
0.6614924
0.6428998
0.6608838
0.7365228
0.6804107
0.7876545
0.6854185
0.7211396
1.0014437
1.1460799
1.1847936
1.1490915
0.9393418
0.96378744
0.88564837
1.0051664
-0.17529225
-0.44448674
-0.34596115
-0.26367295
-0.243433
0.058502465
0.22166243
0.16694984
-0.08993095
-0.2536161
0.20663145
0.17925331
0.19091079
0.42830938
0.5786678
0.7304312
0.46114007
0.94636357
1.207403
1.0974956
0.9916721
0.984311
1.2557065
0.78316
0.660864
1.180598
0.68890196
0.91681546
-0.9371797
-1.2125137
0.27044398
0.79644454
-1.2750189
0.6819155
0.33779824
0.7832539
-2.3672984
-2.5200803
-1.5247633
-1.1249876
-1.9063334
-1.6287777
-2.4892266
-1.8985517
-1.6102214
-1.4124503
-2.4832587
-3.008862
-1.6061587
-0.88332796
-0.19786292
-0.15590161
0.3077579
0.6211615
0.5203553
0.79251915
0.893842
1.0561825
0.7806808
0.39248714
1.0667613
1.2452731
1.0487262
1.0292215
1.2403326
0.49637648
0.923458
0.66083807
1.0009325
1.0712816
-0.012476921
0.66060036
0.7774445
0.9005681
0.1321814
0.70572
0.50031936
0.6143649
0.90127444
0.83860505
0.49154004
0.6595814
0.23273039
0.108392805
0.3694104
-0.70040166
0.11325216
-0.34252542
0.14322561
0.2904384
-0.42374146
-0.41889423
-0.039938033
-0.2497533
-0.057983637
-0.52378774
-0.9595144
-2.5031364
-1.0259612
-0.27079278
0.1404869
-0.13399303
0.23018679
0.34138283
0.3232935
0.48086149
0.3145331
0.6606154
0.9099827
-0.33378088
-2.5619316
-0.49943846
0.5263548
0.29592168
0.87032187
0.4761867
0.113036275
0.021835953
-1.2281424
-2.0756552
-1.5253489
-0.83729887
-0.8476784
-0.7288728
0.019028425
-0.039144993
-0.07635003
0.34248838
0.36960635
-0.7100221
-2.0697198
-2.1257398
-1.2927516
-0.94081616
-0.51426506
-0.7004181
-0.15472275
0.4682083
0.7666496
0.28033996
0.14848715
-0.9714931
0.04110214
0.3384993
0.66437554
-0.3466676
0.19547167
0.18951586
0.3579461
0.8289
0.17161438
-0.040403962
0.99851805
1.0723274
0.5223606
0.45254388
-0.29704678
0.37733352
-0.16060722
0.035238177
-0.042770147
-0.19911659
-0.59117913
0.041885793
-0.44739437
-0.6381967
-1.0298561
-0.5171449
-0.871657
-0.7857628
-1.1095308
-0.7710749
-0.996717
-0.60672235
-0.02094245
0.09894061
-1.1865644
-0.4988398
-0.60266685
-0.01887536
0.5199892
0.08465859
0.16328299
0.23822704
0.7599676
0.7958728
0.78047675
0.35817522
0.6786844
0.029570103
-0.78665257
-1.5914967
-2.531309
-1.1659361
-2.7133548
-0.46848714
-2.6776056
-1.53791
-0.43845266
-0.6221956
-0.21222329
0.09885943
0.16654068
0.39258045
0.54043996
0.4855089
0.31306458
0.25801432
0.4390628
0.7058711
0.8030679
0.8824904
0.41422638
-2.4613454
-0.38481963
0.34364045
-2.6572366
-0.07540542
0.29181153
0.28540352
0.21990725
-0.17833072
-0.27643168
0.002592057
0.23097551
0.365183
0.21657622
0.23850384
0.08133522
0.5171282
0.8172494
0.39480364
0.7132962
0.84249353
0.28579798
0.39864144
0.23803747
0.24243355
0.042230338
0.30839714
0.62753236
-0.8314792
-0.43526673
0.28009665
-0.41858476
-0.06041938
0.9822235
1.1249611
-0.48031163
0.20032996
0.688848
0.39597577
0.96172136
0.79043794
0.39822477
0.0050405264
0.7430234
1.6162938
0.24492404
0.39374337
0.74809456
0.75469387
1.1132972
0.80750966
1.2372048
0.9388505
0.18537113
-0.28249604
0.35954225
0.60958904
0.80361104
0.7579843
0.29190403
0.69186944
1.0290625
0.7061249
0.8140662
0.773736
0.32339978
0.5939174
0.46179003
0.7152817
-0.30799437
0.34310168
0.64221424
0.7119343
0.5000152
0.07801926
-0.75594735
-0.1628182
0.286844
0.56605035
-0.23007703
0.122148514
-0.0035674572
-0.3045156
-1.8125119
-1.2146255
-0.48791617
0.046713173
0.29640168
-0.05228114
-0.5644729
-0.53159964
-0.15935433
-0.3285581
-1.9580069
-0.4994833
0.2394095
0.051019907
-1.3619721
-1.2286267
-1.3525653
-1.0286855
-0.7410989
-1.0105609
-1.4663603
-1.8315823
-2.4250188
-1.6372488
-0.86413956
-0.4230494
-0.038965642
-0.4356802
-0.5468739
-1.1634701
-0.78403425
-0.012577295
-0.72615254
-0.6406143
-0.163162
-0.013779342
0.45546582
0.21697319
-0.5463606
-0.074180245
0.39076275
0.7025316
0.8933578
0.8249162
0.7528562
0.72424567
0.891893
0.38566765
0.67486334
0.39445955
0.3188908
-1.3153436
-1.9150822
-1.2964916
-1.3458765
-1.876373
-0.72268796
-0.12652934
-0.8009665
-0.6215943
-0.72183895
-0.6950067
-2.2137167
-1.3924453
-0.7328954
-0.10759711
-0.21110195
-1.5681136
-1.2744673
-1.0970734
-2.0652807
-2.2336607
-1.4210978
-2.4481287
-2.5691533
-1.2091681
0.029406607
0.2610522
0.02477479
-0.31499547
0.27979323
-0.26200974
-0.010370016
0.5786448
0.5149673
0.42309138
0.7270878
0.37777835
0.47384346
0.48996475
0.32765567
0.50172395
0.12155673
-2.123872
-0.8342422
-0.57407963
-0.030918181
0.05135995
-1.1299444
-0.6589433
0.24067566
-0.13518453
0.56030715
0.8786256
-0.41824317
0.7047347
0.77068764
0.98734164
1.0898335
1.1560099
1.1701804
0.8756403
0.9195861
0.43065304
-0.5119574
-1.6694615
-0.8271413
0.21338025
0.674271
-2.0220282
-0.80538297
-0.5499506
0.105840355
0.43658274
0.40932217
-1.9232225
-2.3838935
-0.4889958
-1.6970186
-1.0652986
-1.7178831
-2.872317
-0.97117364
-0.52615285
-0.96943593
-0.37822258
0.5310486
0.5465497
-0.06848729
0.4779113
0.60172814
-1.6170933
-0.45150733
-0.103604436
-0.3439073
-0.6033553
-2.2272887
-2.5314982
-1.6656799
-0.9750519
-0.88301
-0.29361922
-0.45082736
-2.3523898
-1.2226317
-0.3265277
-0.13267106
0.18750349
0.32766032
-0.29503894
-1.2568383
-0.8959731
0.35474288
0.49644154
0.26948
0.3882811
-0.24974686
0.16511336
0.07232934
0.06718144
-0.11076474
-0.47077674
-1.5498862
-2.1950212
-2.5182073
-2.4638743
-1.2492186
-0.81587446
-1.7375472
-2.093194
-1.139961
-1.9377158
-2.1947947
-1.8876452
-2.3318079
-1.7599478
-0.12419325
-1.0458018
-0.25355577
-0.196509
-0.90016675
0.30656037
0.05072543
0.37650752
0.889917
0.9252582
0.46655902
-0.20601988
-1.1205595
-0.38868868
0.07641062
0.18443647
0.05680749
-0.3528179
-0.95442414
-2.0997546
-0.8844627
-1.0021163
-1.0581008
-0.9078742
-1.5382562
-2.454181
-2.764584
-1.5820608
-0.950593
-1.0651569
-1.8456509
-1.4264331
-2.018654
-1.881098
-2.0911129
-1.1568685
-1.2630701
-1.5906982
-1.620971
-1.8568909
-0.80726373
-0.23370773
0.3187823
0.2992354
0.17762244
0.28434628
0.25873706
0.141209
0.30566454
-0.69575286
-2.879904
-1.4045646
-0.45630473
-1.0666306
-0.858142
-0.84329903
-0.39779228
-0.9039062
-1.1455392
-1.3038514
-1.7961519
-2.8368082
-2.728903
-1.8147655
-1.0684708
-0.5538894
0.009571284
-0.2335192
-0.017610192
0.014460295
-0.55404496
-0.00989151
-0.19886523
0.494677
0.076027066
0.5697271
-0.13514614
0.47684133
0.5655228
-0.0863533
0.14956221
0.3159204
0.46480066
-0.47431248
-0.12605458
0.23904711
0.33191904
0.4054221
0.46086895
0.18111113
-0.23012698
-0.41260332
-0.42513704
-0.42217785
-0.25870645
0.32564417
0.45990306
-0.2976637
-0.5424998
-2.0281837
-0.03465742
-0.32455885
0.20859036
0.23305652
0.22580296
-0.65372074
-0.8106694
-0.8313887
-0.21044111
-0.45541817
-0.23562664
0.049233496
0.33743677
0.32374048
0.26109144
0.31454474
0.19450471
0.22644678
0.015730202
0.311911
0.24832615
0.3700208
0.23357344
-0.27979934
0.17660195
0.3568822
0.23203889
0.17135412
-0.023242176
0.37632066
-0.17936403
0.08252895
0.25916052
0.17786577
-0.9776157
-0.31827462
-0.42037362
0.00414598
0.041826725
-0.028155744
0.03054884
0.03816086
-0.07286215
-0.540022
-0.7402656
-0.3571456
-1.3311962
-0.28526574
0.37497625
0.33219767
-0.2540298
-0.5476464
-1.2259196
-0.59015167
-0.19138324
0.047366768
-0.06437874
0.11769515
-0.51800334
-2.5155258
-1.6761818
-0.76747835
-0.077592194
-0.011504889
0.3032028
0.13698173
-0.20888013
-0.21331465
0.017660528
0.14617097
0.02389428
-0.6196022
-1.2273779
-0.36231
-0.43139654
0.07608852
0.014055878
-0.36094314
-0.18682903
-0.26786375
-2.0596175
-2.5535798
-1.6021903
-0.27388734
-0.09932071
-0.2636873
0.2595354
0.37679827
0.4877645
0.0811429
-0.4556588
-0.58437264
-0.2165609
-0.7913078
-2.2817206
-1.170492
-1.225497
-1.0043149
-1.7942948
-2.5100799
-1.9036438
-2.484569
-2.410244
-1.4885424
-0.34590107
0.038936913
0.095870376
0.2736003
0.23014814
0.11212447
-0.70904005
-0.73069334
-0.26462674
-0.1152215
-0.41127276
-1.4593259
-1.1031282
-0.20277727
0.1375984
0.4261542
0.45477882
0.25526124
0.4980693
0.7170978
0.8902112
0.7941452
0.37253577
0.5881895
0.7274736
0.8787708
0.06572896
0.28060108
0.36675346
0.38714272
0.30757546
0.23268825
0.07631937
0.34701073
0.31492227
0.10713455
0.4694293
-0.13867998
0.15774953
0.11869335
-0.027150393
0.2675005
0.44414425
0.4484269
0.1350038
-0.38813323
-0.11904925
-0.6842587
-2.1222398
-2.539977
-0.89604604
-1.239974
-2.5564797
-2.6161196
-1.0355102
-0.20865554
-0.30050957
-0.0037501454
0.20002675
0.08069199
0.123398125
-0.9116596
-0.9274168
-0.18308407
-0.11129457
-0.2741782
-0.1080575
-0.5160762
-0.0027927756
0.008567393
-0.8316723
-2.014635
-1.0574183
0.28886512
0.041025996
0.13209412
0.35745507
0.69817185
0.20792925
-1.200326
-0.53149486
-0.15293658
-1.3623487
-0.28846294
0.08294159
-0.039685905
0.12587112
0.08353749
0.12110862
0.14730474
0.28884035
0.0987511
0.081839085
0.2893479
-0.063553095
0.050100774
-0.28409642
0.027904212
0.07069826
-1.4086176
-2.5430996
-2.505778
-1.0583065
-1.3248516
-0.18830913
-0.20759237
0.27736717
0.089313686
0.22228429
-0.07540989
0.0699074
0.018221676
0.06698188
-1.0080814
-0.46073556
-0.45386773
-1.1484519
-1.996839
-0.8829675
-0.22554922
-0.8272339
-0.5926794
-1.7614005
-2.376649
-1.2700845
-0.49302858
-0.5320976
-0.20116532
-0.49012274
-0.36566973
-0.19273019
0.06204927
0.101509035
0.17776066
-1.0049195
-0.4079011
0.12081459
0.12891153
0.15389508
-0.19520032
-0.3964634
-0.53470504
-0.7602811
-0.53062844
-0.40518326
-0.46791863
-0.6331384
-0.23902726
-0.16685343
0.25844407
0.7788678
0.7407505
0.7514092
0.5798448
0.7884371
0.4715641
0.13145298
-0.008353531
0.024833977
-0.60968065
0.042708725
-0.0322302
0.07242486
0.4249907
0.55493516
-1.5542376
-1.5773566
-0.088404655
-1.0764773
-1.1162502
-0.6704391
-1.0584244
-0.80242014
-0.3551795
-0.0901804
-0.22551602
-0.5740483
-0.8132889
-0.44986212
-1.7576447
-2.5093203
-1.4239718
-0.36439842
0.14977711
0.04393521
0.14616695
0.15879443
0.44587106
0.34330606
-0.21038306
-1.1359854
-0.22051227
0.4295003
0.13319218
0.033382267
-0.77607214
-0.27677035
-0.3559724
0.039229184
0.34786594
0.08363846
0.4546679
0.28069752
0.17606395
-0.13382816
-0.4548862
-0.48824054
-0.59620905
-0.17818278
0.029503018
0.36233193
0.13587824
0.38098165
0.8743471
1.169127
0.81932867
1.0707314
1.1780795
-0.40925825
0.48525733
0.5698688
0.5410501
0.3157025
0.08703026
0.36703712
0.15048957
-0.22069824
-0.30005354
0.09033376
-2.4100785
-1.5584097
-0.33591366
-0.09876001
0.44004962
0.4529884
0.5470276
-0.9611188
-2.498839
-0.7502581
-1.4686297
-1.5729959
-0.41059726
0.22854576
0.5492692
0.44756234
0.3121599
-0.508996
0.015984982
0.3699346
0.36407447
0.24439037
0.5943841
0.7581053
0.33288482
-0.24837059
0.25333887
-1.0323862
0.11984298
0.27835435
-0.082491696
-0.518342
0.4742521
0.47943917
0.31805533
-0.5487393
-1.1671417
0.4506486
0.89527404
-0.21108913
-0.36166304
0.3644879
0.5803477
0.7084767
0.61705106
-0.59914994
-0.22303957
-0.100188434
-0.21715283
-1.4624152
-0.17531544
-0.33551437
0.3664053
0.010431707
-0.4364838
-0.99782634
-0.32217586
0.5066223
0.45045945
0.51235443
0.7153061
1.0318666
-0.21504146
0.4468878
-0.33082926
0.25860453
-0.28894573
0.7019615
0.5795227
-0.40887314
0.32325143
0.41002288
0.21051925
0.42996502
-0.11860329
0.665975
1.0067267
0.24487108
-0.43635523
-0.7169274
-0.91182053
-0.49263
-0.5745536
0.00012162328
-0.031148493
0.2422435
0.21228513
-0.007983983
-0.409818
0.29915178
0.2276837
-0.17663485
0.35457063
0.07047719
0.66904116
0.1942488
0.73972046
-0.24827296
-0.37259185
0.099749416
0.05791354
0.12474316
-0.23035061
-0.4932925
-0.09028256
0.3372196
0.3194371
0.66534734
0.682091
0.421555
0.7481999
0.73725504
1.0686369
0.6916109
0.85560375
-0.83277917
0.11755544
-0.63844466
-0.18869221
0.2950173
0.4781742
-0.05416423
-0.5917363
-1.2567824
-0.5639057
0.14159647
0.0058380365
0.2909888
0.3567738
-0.029450774
-0.109009445
0.09813711
0.2541061
-0.33860147
0.4500698
0.31600663
1.1096758
0.97407967
0.98310924
0.901372
-0.117007434
-0.22392213
-0.20900065
-0.035865307
-0.1995439
0.47718114
0.7012122
0.9731158
1.1121812
1.1494501
1.0556294
0.5782771
0.9541807
0.9974939
0.76510847
0.4566912
0.5271095
0.33087188
0.3920584
0.62005556
-0.5387778
-0.22162098
0.24941659
-0.4513712
-0.44468415
-0.5718019
-0.2877109
-0.68253314
-0.21977699
-0.15805757
0.25723454
0.14198068
-0.27530676
-0.24121225
0.13674417
-0.38135642
-1.1623807
-1.5464563
-1.0975736
-0.8214271
-0.45550603
-0.38203067
-0.5736165
-0.4450199
-0.6115593
-0.44787383
-0.0509364
0.052536875
0.30620944
-0.14197725
0.0070683956
0.013191551
-0.22066367
-0.23544025
-0.6235441
0.4457517
0.59506863
0.50653225
0.59267026
0.48590901
0.31092653
0.4381066
0.48065642
0.70247185
0.81749666
0.52316916
0.54603064
0.6229859
0.39435306
-0.14103585
-0.23926473
0.087565124
-0.2997353
-0.21386582
-0.112820506
-1.226041
-1.0740979
-1.9506834
-2.1614048
-2.1067297
-2.4238245
-1.7889037
-0.4850124
0.17694247
0.25073087
0.36052227
0.3013404
0.35133582
0.6330356
0.67543304
0.46939698
0.36906967
0.29140425
0.15067738
0.35828853
-0.2053585
-0.19755584
0.33899948
0.31308368
0.16028309
-0.57942855
-0.18066269
-0.03770411
0.39004546
0.36888188
0.43489107
0.541001
0.45233434
0.26226133
0.5127761
0.43816936
0.134316
-0.097115636
0.21600774
-0.6550305
-0.1268735
-0.26758778
-0.2046566
-0.80769265
-0.55557764
-0.4158299
-1.0650988
-0.3455572
-1.2624937
-1.9175596
-1.4354528
-1.9269712
-1.5019217
-1.4619266
-2.5771656
-2.653047
-2.639593
-2.82419
-1.7922163
-0.95344055
-0.10229933
-1.6235328
-0.7620436
-2.0602355
-1.9234855
-0.79240835
-2.1822996
-1.5519288
-0.9680439
0.06824878
-0.5156926
-0.88765824
-0.7224672
-1.5487218
-1.4171703
-1.2646874
-0.75223815
-0.9579638
-0.41721106
-0.23400831
-0.2015273
-0.2382139
0.1359832
0.473461
0.54071635
-0.03259325
-0.048793495
-0.055687964
-0.23142493
-0.039486647
-0.10924941
-1.9620473
-1.901885
-1.1677277
-0.2899893
-0.52830386
-0.45634013
0.15678889
0.1316486
0.3011107
0.49527672
0.34443945
-0.70998716
-1.2967529
-0.32046938
0.00049701333
-0.94264674
-0.8460103
-1.2515861
-2.2659051
-2.1166196
-1.3585083
-1.356396
-1.3883742
-0.96330786
-0.59577537
-0.1829983
0.11297804
-0.38954782
-0.79117537
-1.4057213
-0.7954066
-1.2237536
-0.0705533
-0.07998675
-0.85507643
-0.004062116
-1.0787793
-0.2368294
0.35252312
-0.8911588
-1.0153648
-0.5849538
-0.20846242
-0.8697665
-1.6948752
-1.0575547
-0.7651675
-0.8698994
-1.0137208
-0.6642765
-1.4812998
-1.8431852
-2.540327
-0.81109846
-0.1772421
0.32213473
0.7090554
0.14357772
-1.172628
-2.2943206
-2.2149088
-2.7726054
-1.4806756
-1.5960417
-1.3766733
-1.6680257
-1.1679285
-1.7887256
-1.184497
-1.6346433
-1.5341246
-0.19193453
0.24907929
-0.05112505
-0.45517677
0.13757017
-0.75847435
-0.34616834
-0.23329318
-0.5396428
-1.0503967
-1.1963022
-2.4864833
-2.0554128
-2.3594515
-2.432105
-1.8470957
-1.1664068
-0.96975935
-0.510712
-0.94695497
-0.71313965
-0.1580671
0.20795411
-1.1967758
-1.4220893
-1.900147
-2.103976
-1.0678068
-1.6282406
-2.0321417
-1.734685
-2.0220096
-2.1005597
-1.9914029
-1.8206296
-1.5807788
-1.7631187
-2.0958416
-1.9937382
-1.4067637
-0.7291213
-0.57094824
-0.9357594
-1.7177379
-0.29915094
-0.12062919
-0.029686093
0.07141325
-0.21004385
0.16326848
0.61232877
-0.20573962
0.38331547
0.7972714
0.6276079
0.9355247
1.3042221
1.2027979
0.71881497
0.72448593
-0.26827794
0.4451159
-0.5076332
0.3930555
-0.29636264
-0.088106215
0.32202223
0.69680756
0.57485497
-0.079012215
-0.26726502
-0.8181963
-0.34620434
0.5230808
-0.047138035
0.14191201
-0.2486499
0.21069032
0.64704573
0.5535954
0.6344476
0.6599245
0.6117068
0.66789633
0.20542726
0.677982
0.6793698
0.63449776
-0.71093285
-1.348239
-1.6196823
-0.5105555
-0.79924953
-0.41281742
0.26477358
0.5006354
0.2796005
0.536158
0.104554
1.00547
0.9701265
0.42797983
1.1256747
0.60554785
0.6740321
0.77690595
1.2136365
0.8559694
0.38886267
0.7145691
-0.5839132
0.15114748
0.56324357
0.6415703
0.43914768
0.4196324
0.22756079
0.39728397
0.39659244
0.46246794
0.3503778
0.7889384
1.0352241
-0.29685134
0.61712646
-1.1228169
-0.3292083
0.400796
0.82376117
0.7963366
1.0522792
0.82951915
-0.08552098
0.47647214
1.2044232
1.2853999
0.8077389
-0.30430073
-0.846069
-1.9154165
-2.235031
-0.3873703
0.7507849
0.8236561
-0.90150034
-2.4834738
-1.7605672
-0.55427074
-0.47186255
-0.5069375
-0.2024507
-0.6265286
-0.13687992
0.52530724
0.27585036
0.51222694
0.3602919
0.4227399
0.70035124
0.39402214
0.6639924
0.94081825
0.95844764
1.0644526
1.3227072
1.3976879
1.1684775
0.08732763
0.010042369
0.18981355
-1.3165084
-1.8809295
-2.720237
-2.7993333
-0.8952327
0.2953329
0.6596496
0.7556466
0.857948
0.77584445
0.7834703
0.8072309
0.8760163
0.8782419
0.6860279
0.1238029
-0.16388404
-1.4200326
-1.9033146
-2.1387734
-2.0889
-1.1799849
-0.84730184
-0.7766453
-1.9059072
-1.0131174
-0.06613517
0.38555443
0.8545207
0.5919971
0.2588374
0.18287948
0.14328697
-0.0055202246
0.2511148
0.5339968
0.5188564
0.61597896
0.24220327
-0.44158083
0.4644664
0.81073064
1.0024139
1.1762915
1.2533479
1.3540971
1.3287334
1.3007629
1.4330363
1.3383195
1.4177785
1.3140092
1.6160336
1.3785727
1.5034784
1.5723745
1.6472995
1.3790247
1.6285207
1.6492208
1.7462326
1.1134517
1.7122698
1.507105
1.32741
1.3439724
1.4060712
1.4847838
1.5763476
1.6125733
1.3264152
1.7420241
1.1991031
0.8427472
-0.14528954
-2.1310625
-2.638817
-2.3354259
-2.8342478
0.37457827
0.86679995
0.7931104
0.43493566
0.70352006
0.89338017
0.7350934
0.9254364
0.19953
0.29548073
-0.024229348
0.19370803
0.43876103
-0.3738382
-0.49795407
-0.071064115
0.6405788
0.812801
0.3745877
0.5719744
0.52246654
0.779893
1.0021164
1.1306453
1.223281
0.42474103
1.0103867
1.2973337
1.3210611
1.1372545
0.71587473
0.75041944
0.9141544
0.852154
1.0008366
0.9647286
1.174828
1.0891405
1.171027
1.1321731
0.4804283
0.6795186
0.97553986
-1.8931639
-1.3342541
-1.2035261
-0.20959806
-1.0267969
0.37655956
0.56717664
0.43278256
0.8469272
0.9038242
1.0496722
1.3789991
1.3581815
1.0647998
0.58051693
0.44614106
-0.94958436
-1.9268041
-2.5012386
-2.1503367
0.20536458
-2.2393956
-2.1178255
-0.68275
-0.57098925
-1.7935314
-2.758808
-2.0027192
-1.1612067
-0.8356638
0.028701752
0.081587136
-0.1772945
-0.7855904
-0.8947637
0.004925549
0.4260869
0.74165094
0.87753165
0.87637216
0.9329326
0.90986097
0.9801445
0.27829796
0.53343385
-0.33673388
0.3069609
0.36600327
0.23730683
0.47416705
0.8104328
0.8219079
0.36869657
0.9445635
0.7561548
0.75842446
0.18007228
0.24361116
0.17529178
0.21351579
0.25784624
-1.4858786
-1.0412899
-2.0301683
-2.4221742
-1.2808274
-0.8523953
-0.74416864
-2.4642835
-0.6892456
-1.2413495
-2.3956027
-0.21858132
0.007116109
-0.23980331
-0.2654184
-0.97541726
-0.7847954
0.08134523
-1.068526
-1.3962445
-2.1237717
-1.5507212
-1.7030137
-0.6224977
-2.7918932
-0.74788034
-2.0695343
-1.6228015
0.075276345
1.0804358
1.327574
1.3945699
1.2365253
0.7324155
-0.45485568
-1.2330925
-0.65217125
0.3268812
0.7820902
0.8539851
-1.2984937
-0.29510826
0.3550899
0.6468324
0.9643347
1.0638254
0.8933338
1.1684492
0.7336113
1.042839
0.89861107
0.7206219
0.7155381
0.8166921
-0.61967206
-0.35980064
0.25604832
1.0213606
0.280017
-0.7095499
-2.9217467
-0.8394712
0.28407264
-0.73901105
0.88538927
1.0054297
0.70548546
-0.05002421
-0.13369936
-0.16548562
-0.7764816
0.09084821
0.8057618
0.9856862
0.5556143
0.6524066
0.65725935
0.7950209
0.46244532
-0.9031856
-0.41896492
-1.5552404
-2.48078
-2.3167453
-0.5154085
-2.276957
-0.45772988
0.6294927
1.127127
0.9404846
0.41855657
0.5894376
-0.3280998
0.5187911
0.7332287
0.42822254
-1.3322918
-0.3350134
0.19277444
0.014337182
-2.6493907
-0.5882745
-1.811866
-0.28842527
0.49302185
1.3199327
1.1280366
0.70570433
-1.6848552
-0.32955807
0.3706466
0.08155218
-2.5969915
-0.13987774
-0.42410803
-1.2016232
0.20476484
0.33637327
-2.2926154
-1.9441869
-2.7461061
-2.5247502
-0.8502562
-1.0299776
-0.4729066
-0.4276682
-0.53132963
-0.46819323
-0.44213498
-0.078787744
-0.4543494
0.27405035
0.21249449
0.5557488
0.47937602
0.28912634
-0.4610812
0.2710968
-0.34879184
-1.4272685
-0.19735688
-0.46741176
-0.5615561
-0.0104106665
-0.7874334
-0.42857164
0.19951198
0.79141444
0.88921785
0.8647455
0.79709876
0.8797193
0.3092419
-0.01858747
0.18629095
-0.35929048
-0.30758286
0.24399388
0.37484777
0.24621674
-0.26544505
-0.16796213
-1.9635844
-2.6694286
-2.5881057
-2.59428
-2.583768
