0.4941398800027694
0.3771772923982954
0.14856441401244566
0.3808182484529875
0.4573026729446675
0.4060806285641062
0.029206417716411852
0.2698763905083899
0.15158772374287877
0.35091189508811477
-0.411185115630708
-0.39403649955227704
-0.2602481033865592
0.15019477568796233
-0.11757740464053305
0.19067359997950722
0.30369280611383526
0.45847348258389947
0.33713240415547086
0.6240670024184042
0.6549669699408656
0.6538673565984933
0.9448426637768943
0.8894673144267176
0.9191117889997631
0.8182904685508269
0.8537341390857102
0.5330471510586867
0.48557119397213
0.3070680555363231
0.2788525538838661
0.7154515256597892
0.42083252556471373
0.5360714871069944
0.5050515505354
0.27113957340619466
0.5692988870149238
0.4232340523670452
0.42897984300370295
0.7043054366590388
0.7174579028943464
0.9456452453338619
0.7890028013503824
0.3939236834614643
0.4271608987098631
0.19105944087513946
0.3797475260855754
0.5875505929822233
0.5343565847910403
0.4285293247460961
0.3181019993152452
0.24199413320743202
-0.041839829756234154
0.37147066261674583
0.1961085520503046
0.34377735008735666
0.2637342215078963
0.23863400636495358
0.7403898261981339
0.6856327728639623
0.7601393892915912
0.14159140461451625
0.04318231699040464
0.17433315091677387
0.3067178848276442
0.08305430988066631
0.09917084544589076
-0.14851133150794452
-0.4033424925871056
-0.15788072452340057
0.06849928571378865
-0.24399617061663087
0.0826350761548516
0.16307330771943876
0.5742195999133609
-0.014852361820867877
0.32549431160796893
0.41257808517054384
0.6858055080059506
0.6687553924183323
0.7146225104533561
0.7892979945493208
0.719208601310661
0.48971206956918517
0.8112540908754597
0.9511014093312363
1.1225862128181563
1.058196128637324
1.046636246560474
1.1064605469895823
1.118364877044122
0.9908578634838652
0.8286513361769341
0.9666602106733707
0.46354011402336504
0.3636792757562148
0.5386073565146018
0.7552788005373221
0.6997605620662126
0.6505351979374314
0.8434517761701499
0.614255566138638
0.7775507060443793
0.7044854256083517
0.6800654391484162
1.0042799992804714
1.3736875880802355
1.3887914399087553
1.2041416835796783
1.0392971563377809
0.959369162671379
0.8736719897559256
1.0848961866870825
0.18833060189891848
-0.1286176833017897
-0.1338220852275978
-0.08847412554557182
-0.09595777350455202
0.021026004155375536
0.19852175932864374
0.13613492322403442
0.013477463571913855
-0.11189568928908154
0.20327124248801692
0.1450309421953803
0.1842330366764738
0.4306804481850999
0.533458947957075
0.542708444198966
0.4457822011700377
0.8661255481807432
1.2690725411545487
1.1862065571604894
1.0662046435917896
1.125525324617979
1.1343870958919966
0.8602521909807976
0.7935773854391523
1.1077937348992664
0.6392597021341039
1.0805071674845843
-1.030185908630414
-1.38595336472573
0.17647843833335258
0.7558750016632353
-1.35686202982639
0.6689625146663969
0.3299694579967559
0.7967392942979395
-2.264403505983282
-2.8153126426363726
-1.4872063317112416
-0.8735361883693638
-1.9538540728610907
-1.822283945880888
-2.5652201679576376
-2.1218480764069394
-1.7697699885094542
-1.5065754342641298
-2.355846454988437
-2.9236071433510284
-1.86828352445005
-0.8200323514703922
-0.2752821651396962
-0.17998873115008654
0.2635780585804584
0.6360330147011887
0.5468538487974802
0.672021273864341
0.7149178841393334
1.0496084605321472
0.856150478212303
0.21635042597066123
0.9197805128563126
1.0651187653931957
0.8689112334670493
0.9948913683383305
1.2747895286964992
0.5041387358698238
0.989675002597197
0.6390283802472599
0.8597003124037744
0.9923991956130712
0.11502280141412966
0.6464704678866261
0.8406966396910668
0.9925919688754283
0.22338211643287567
0.540553192004948
0.4887212246197768
0.543032467950478
0.8392070435031731
0.8546692697421913
0.479323978153665
0.5872615289716598
0.2613026658021337
0.09148153261361035
0.28041313680123664
-0.7194641779477262
0.1473798800207813
-0.1743263724019805
0.17627194266897264
0.2374810493976592
-0.21289180789514825
-0.3237184233277566
0.1158108983404684
-0.17909486979173575
-0.07323848613261659
-0.40193744321499086
-0.9220397830663312
-2.6022689659087423
-1.2863071053819157
-0.30946036852054976
-0.020167950074221046
-0.270290543764525
0.2403745178404945
0.38591263282907456
0.4694725051408225
0.6091177530312722
0.49760114926122007
0.6667346627035998
0.7720475429203537
-0.03353160646969793
-2.3309297529202766
-0.6846212312570205
0.6592069474546928
0.18466802888534384
0.8009682393086164
0.5994316613289915
0.1935063063467431
0.07501719717387532
-1.0656396274337334
-2.1077482338137203
-1.6430377162980558
-0.8798802524862456
-0.7835058282895935
-0.703594101811594
-0.042229885551451365
-0.16220448889130482
0.015215482494844383
0.2736108036929805
0.42180430254960777
-0.8740486268846311
-2.2950330351079677
-2.1896414582756654
-1.375685236654057
-1.0556016057128834
-0.7777468713823635
-0.8734365090997209
-0.3034191045191672
0.14536869831608315
0.6182459762194046
0.12468042420039825
0.173022283306435
-0.9398126475369194
-0.24649921273520362
0.2611326642583765
0.593650996449562
-0.3819473649719086
0.2703527516217534
0.1373131695718106
0.24841661462717476
0.6351450741290698
0.21271515719296982
-0.04245412404822173
0.9181873087030352
0.9816917729531544
0.43946343972428886
0.4930949818555351
-0.3463442026755767
0.26029722998445337
-0.41687281188309305
0.028065116265907287
-0.11934305224034181
-0.26279741973128795
-0.81334090594289
-0.07355070190378703
-0.6309741740255401
-1.0095297631027482
-1.1893283280180735
-0.69965262347683
-1.1447491737807003
-1.0040719550362756
-1.1570489007036746
-0.8946714624015186
-1.1912850229566114
-0.7171332031985119
-0.12909214931207427
0.10815756857558523
-1.2642131951231315
-0.6320757529740484
-0.7143553399187126
-0.08456149524992074
0.4678887596325385
-0.017725963785550157
0.2334426249741094
0.18077015212011266
0.5890756894443385
0.6897121755531312
0.6670131450119604
0.3377783490855131
0.6265853584808029
-0.028895621099548182
-0.9043812851712666
-1.5745886012378527
-2.3378902822739573
-1.1150365447428943
-2.666324343185684
-0.3859498448438292
-2.6177779712478233
-1.6194722872954586
-0.4912495518329925
-0.7863302809804934
-0.3166357873716701
0.10852697662729495
0.09358327276649575
0.4062138312078888
0.634028746781747
0.39785726133488625
0.1736533672585743
0.3016254669340838
0.4349616751648613
0.6362817431648934
0.762760098461794
0.8826473023717469
0.4086279150773471
-2.430733550669017
-0.4172819049830871
0.393816505965883
-2.4541962081878452
-0.04277267994626065
0.2551936151231165
0.18304782087735344
0.08266149620210439
-0.06404369781035492
-0.06447766694149508
0.14452224011501444
0.3395618402936315
0.5113952556342896
0.3210962281163039
0.29339375141873236
0.018722696524452048
0.5358750240687132
0.7524352559051825
0.3119810063219558
0.605334183483751
0.7788571905385472
0.40540544804919554
0.3773450645761519
0.2599584374812035
0.31212297259783456
0.023349760102455232
0.3625409351752958
0.612708375175787
-0.5760514646398646
-0.384111944249809
0.15478587041736194
-0.3690106376325518
-0.0685583923743351
0.9835849715066347
1.1833556470796018
-0.39598766958266113
0.11870605972515197
0.8001982309271833
0.23086981828790967
0.8713247589116173
0.7493999895266465
0.4136118699898259
0.01280616774314346
0.6703318299307749
1.560710671620859
0.31915182121694136
0.41424161809100846
0.6353145003846193
0.6199963385514324
0.9640975673529774
0.7214655549598643
1.1091393559477227
0.8984505420939576
0.13219992322614288
-0.16582601061612878
0.328552054939693
0.5739332259043043
0.7848418161138624
0.6622813905873409
0.2823235082506723
0.5523273494008405
0.9124507664753545
0.5835704125565799
0.6975206237839022
0.653775911718377
0.426492233449239
0.6088184758238275
0.4759549555218282
0.604659025955981
-0.365467205276775
0.2400847782382176
0.5656039917725703
0.7494907536251965
0.4838938704171063
0.09901916606722201
-0.548424281503787
-0.24626553305562704
0.257108572085176
0.5742304584711168
-0.12610977392327002
0.10893729647512886
0.06476825859229746
-0.34892840437167133
-1.8546248057240746
-1.1572420054144914
-0.4334721427690762
0.09644762498277586
0.29650884622025386
-0.03397107959020958
-0.46849103494518235
-0.4018139775831876
-0.13389838971799967
-0.051027621694917806
-1.8110505428711556
-0.5758691781202391
0.16289410780769029
0.03336908627312343
-1.2841542585547112
-1.1767252998988564
-1.322925796669994
-0.8934829191800407
-0.6713990209379094
-0.9152189783536819
-1.511807545761885
-2.0126346523748606
-2.451617884572985
-1.4104668864271452
-0.9299314538111209
-0.34632993374908994
0.07663273794569582
-0.287746736187872
-0.3634434015889818
-1.0562038083261445
-0.7105507864274471
-0.1602651930538154
-0.7457202088570118
-0.5920747742552306
-0.18886354489005408
0.09768111384638255
0.2480770139564496
0.19558099912843727
-0.6603158475519751
-0.18791437008776848
0.41225701799717307
0.8054708018836841
0.7394828504916832
0.7844419769880938
0.5885175964763113
0.5085257355451231
0.7097345687110179
0.369806685754598
0.6208275720298332
0.6073325499645343
0.2830217563554283
-0.9369913657074347
-1.7794751731308898
-1.1953658901423663
-1.3234977445312357
-1.6194116302577606
-0.7837030376888134
-0.0253252940187831
-0.8563098203695256
-0.5868007126710237
-0.7591605217619287
-0.7222389768501218
-2.35874685768253
-1.369951866541587
-0.6876747543522193
-0.12106003794147985
-0.48071701493365243
-1.7099795361330128
-1.3664998344019978
-1.154830563388929
-2.226055044464659
-2.174284302623816
-1.4670023238565928
-2.3880307429427416
-2.548732953395021
-1.2631716239586723
0.0537371558085811
0.17010086991466433
-0.06856233997714258
-0.29011619600560673
0.17696245079782105
-0.42698341758618585
-0.14676617111484572
0.4930500809098894
0.4621703422159747
0.3865814710604239
0.6575413132488107
0.39347194399315855
0.5154536971872572
0.4175398824391778
0.3692168774115036
0.3956420273428344
-0.1262637592711883
-1.9408940744717644
-1.0427195797549156
-0.7002985219402887
-0.2066975810893834
-0.18865592536003098
-1.0562897205146278
-0.7417458094827704
0.20677316312867766
-0.3068869919950302
0.4318233039547678
0.8341995056046417
-0.3995566218292774
0.7015933955192499
0.8407827252957555
0.995856172159078
1.1962388272817401
1.0532996358385316
1.1274745820491863
0.8442288370342647
0.9757196772908089
0.4420325938788581
-0.283420491819097
-1.7102857655248085
-0.6507313617868349
0.26965238465059216
0.6246397035149185
-1.8631191357198627
-0.602417991967255
-0.3311227721069065
0.01884506629549816
0.34393464020570774
0.27395271468192767
-1.821746329436785
-2.542474326160747
-0.5305723896029557
-1.6742614254430708
-1.218642532746625
-2.2085758042563337
-2.918751964412443
-0.9564736740887189
-0.5214848401771528
-1.082964173630597
-0.246771822557391
0.25376524635599723
0.3112468225174424
0.038414559421198875
0.35516737706040896
0.4268455403885714
-1.354013517609418
-0.5548036236541074
-0.18294926254722163
-0.3971469665109179
-0.5975255116829065
-2.2608128264201275
-2.573235700917889
-1.8205590561509268
-0.9346136573860155
-0.623784950719924
-0.12976027961020004
-0.27437004327159836
-2.2062719136740037
-1.2665933099839923
-0.2888263128324894
0.0014640473515965945
0.13598985723594195
0.3339785895359128
-0.2702468962255879
-0.9844294610060068
-0.8162351806846593
0.1118274402882849
0.46627204812537365
0.24556624442863575
0.3824173249561194
-0.2332516154645738
0.13986505095311472
0.027178535269164195
0.03401897660221244
-0.17987792009016254
-0.412989798448937
-1.6016021204832103
-1.98774651772427
-2.611298740131848
-2.4940348664755034
-1.2746812413290827
-0.7626393084258513
-1.849591887452918
-2.105999874436608
-1.189215333717633
-1.841670722966234
-2.0926782595672817
-2.0228730317959345
-2.3880433907223058
-1.8497500052010867
-0.11288168811221032
-0.7675106697556578
-0.5228777051009581
-0.2240488791719256
-1.0890715535226358
0.3279142739114956
-0.1222333581371412
0.3143594999277819
0.9548863297337099
0.9233699313896071
0.19904794153084418
-0.2613676114726408
-1.2728074871681871
-0.6103322767421031
0.05199771967579364
0.22810821063487408
0.006581273769399169
-0.3729513610460132
-1.302312677851191
-2.286124269901313
-0.8350450903285787
-1.0745248871744768
-1.1351777287148344
-0.746961075152959
-1.6312635524857624
-2.4163850200341384
-2.619107210700958
-1.2541624369571989
-1.0208634395477776
-0.9676320426942818
-1.908061804551901
-1.5007212245494317
-2.2573344552721704
-2.3478813006710317
-2.3161670241536174
-1.5065299555374585
-1.4403078957996542
-1.9240473960552844
-1.8592282348537101
-1.8335801122954154
-0.9191178944993763
-0.05956918956839342
0.15172190110363076
0.14382415884001729
0.08968979805354635
0.19453685008868632
0.11369814934416983
0.048130773056273675
0.19408069073168183
-0.8378757360229915
-2.9464441336363985
-1.3846047481642219
-0.5080454137255265
-0.9866019282710722
-0.8798007989780524
-0.744964550501382
-0.22119576830461973
-0.8316215011425748
-1.4721718338461272
-1.534794815226383
-2.150646802871373
-2.619063588968996
-2.541004689015363
-1.9676031514274643
-0.9907525175220382
-0.6394884703126619
0.03774906324435519
-0.054361063044046865
-0.008632458874253221
0.18176752009456393
-0.8002029060397828
-0.061102415570944334
-0.35500372972404826
0.3176297344873868
-0.06815965107828804
0.48755897165272233
-0.199954551918495
0.38684357834407673
0.5145500130502434
-0.20146927910946608
0.19124075411117145
0.3783925823348402
0.4331458210779255
-0.4586089468701999
-0.13084862873988812
0.2104108550837823
0.3390149616580916
0.4442381141682522
0.32565193576453816
0.20037327880893274
-0.28269543170110645
-0.30984231333756324
-0.41168914607048135
-0.12575547311668087
-0.036767984000254314
0.39966541611299927
0.47225371177470443
-0.29539866263678327
-0.4843030392528507
-1.9744011772399588
0.06762119276336341
-0.3713672857806927
0.14686571965350553
0.01989726474003992
0.08570656959632579
-0.6035441982339106
-0.9793191543344064
-0.9730377508475238
-0.2032556068794665
-0.4568634252377871
-0.2201568545621209
0.001516862267583865
0.2770706249026671
0.3344614120204747
0.18390552986402614
0.22341091782135108
0.050955443753941156
0.12548280229167014
-0.04869086101671599
0.17963498232918024
0.19289217061707373
0.22809860772791724
0.10596757903172105
-0.2750799284361521
0.12575468912437812
0.2881923145170518
0.08487325842337805
0.03416274254158337
-0.145940155767775
0.2673973740348861
-0.3062046318043823
-0.01233914858524195
0.10837878760990173
0.08869816470895589
-1.0481736055891187
-0.5804535208668449
-0.45439519002841033
-0.18005089648856534
-0.11525040212482557
-0.12182604346706569
-0.14806199224068792
-0.05676747854547396
-0.17346566175462716
-0.6390887453061465
-0.7109079029777071
-0.4478123440255023
-1.489046919495532
-0.4232352336717894
0.3137791526721057
0.3149959407203943
-0.25913282516568076
-0.6486015472584438
-1.2883992918097558
-0.6685086729025714
-0.21647180153428008
0.06647448578322697
-0.2531974123217997
0.03556389977159888
-0.591524802127937
-2.424770098224622
-1.5914933480033988
-0.8386771456668036
0.005706874878095824
-0.03682501533546978
0.3404724052501417
0.12243302617627327
-0.3221704714040373
-0.24432051802310467
-0.10241104072585439
0.143819712242694
-0.0075193494965673496
-0.7295845346878324
-1.2753791450280434
-0.43896110779321507
-0.5604011894175814
0.018269041752926492
-0.006876914866368211
-0.4138074802318106
-0.23476797170703634
-0.3113749655440903
-2.1569789582997774
-2.484801843448503
-1.631292266032753
-0.11161827820085461
-0.018439868869969303
-0.36704935528433047
0.14007647113320848
0.3156607015964109
0.43478460634871097
0.0890237277235559
-0.4605029696224617
-0.5176718428996526
-0.2542934125782663
-0.7913757768007935
-2.3969703755341656
-1.109205400228467
-1.2206350469760454
-0.9580872878004048
-1.71905187964555
-2.269844159664036
-2.0258042892312442
-2.3118799442018405
-2.2690156182805152
-1.2330013274524727
-0.24522841669118667
0.08923477307539426
0.14548885019013624
0.24651426300466572
0.23633070011968876
0.14803410281981547
-0.8306837056035137
-0.7106897256676006
-0.2434971199435063
-0.0362668944390781
-0.37906538817882374
-1.765005100761239
-0.9744823573142043
-0.08910517519193549
0.18590047496339304
0.3897101671176641
0.3618772931155516
0.1931301480638563
0.46104838710682927
0.6812163638068314
0.7979267320627373
0.8067403546280658
0.30785393263988853
0.6331248577577508
0.7707367589584362
0.9132758845674916
0.08361511267732935
0.27888582093769126
0.417361151685608
0.4265400074255924
0.4151131249410427
0.24435759181477917
0.11541506941332032
0.4552126419029738
0.448329096621407
0.04913015499594308
0.460144450389483
-0.16505237949246632
0.19667334542683676
0.10317501038364263
-0.12305954371708215
0.3472527511318539
0.5152086689120731
0.5677080086772169
0.05711692982284424
-0.37871339812723653
-0.14816583016930843
-0.6189166968731861
-2.3375754204359627
-2.407680158574111
-1.2198029402392447
-1.5254699629484783
-2.5161734149703707
-2.712279700766004
-1.1170005526858184
-0.20476429352918538
-0.4327693477246884
0.06602723973393722
0.31513225657974486
0.25041470310875913
0.2415161830922699
-0.9016548033799315
-0.8958980338477821
-0.2594698177890166
-0.09326980526647988
-0.28590704847431836
-0.2180536711472509
-0.4518913539065931
0.0380372300936708
0.0496028015637811
-0.8204943746407524
-1.6152891720770732
-0.9175620024012031
0.29118521778868095
-0.03190674160114823
0.1259748253775242
0.38099007605721197
0.6734725323389692
0.1352171167423612
-1.2947858360783437
-0.46609459118959834
-0.007612774767598291
-1.2877799891753359
-0.3115535508251657
0.1298404973097125
-0.09714704218073696
0.2646968295218801
0.08229866339926155
0.1040182929923211
0.1779672836778741
0.3343162847193996
0.08632542152176606
-0.017066674316029578
0.4222159948982429
-0.0766564130274201
0.030961001739603262
-0.10771290037141786
-0.027841645550016603
0.017273169534114913
-1.6695808486473422
-2.647256023747511
-2.3686320096536067
-1.1737480106002969
-1.2194955643996124
-0.3854273696752605
-0.3876501115891638
0.10932247696313178
-0.04902793550737552
0.036047475832846766
-0.14455778115400372
0.0007499665918788283
0.03759333630166702
0.1329437851127769
-0.9953962536306774
-0.5436879018652457
-0.46524988169024467
-1.2222806522932
-2.1855340956769784
-0.8920007260723157
-0.29734350016043076
-0.9206372606891222
-0.7109122473973137
-2.0635707131096095
-2.4808624161595247
-1.415938809393105
-0.46631650709959094
-0.46333473475728565
-0.11122332131875162
-0.5539508547737214
-0.38496379678127896
-0.24946858091014035
-0.0008590261302579671
0.16183778782600844
0.34970940460334726
-1.040603507431442
-0.27856555833528573
0.2456910822555923
0.23413854390340555
0.2589101067235555
-0.11385994105207545
-0.41211297309062617
-0.5243699888704594
-0.8791537915398776
-0.4589435250365075
-0.42232195980772647
-0.26978608233339396
-0.5350274733699654
-0.3088837725012491
-0.21822374975724856
0.2623545466188193
0.7136094700851153
0.7303600288295671
0.6991647324834077
0.508165970016266
0.8368329566447354
0.5129068595406882
0.14158940337713308
0.1122714043466362
0.04680572781925946
-0.767340187721168
0.10465918205481016
0.012956979921367103
0.05656910080407131
0.45727015932686826
0.5262555712072684
-1.2671599931767172
-1.480944140069068
-0.2598168721064189
-1.1032772078107727
-1.186949646299568
-0.7473289660806227
-1.1015163590159855
-0.8767415732295532
-0.3961231350317604
-0.18280497633196607
-0.2631232162891237
-0.5241963909655495
-0.9012173816427903
-0.6584196501688863
-1.8665389403171204
-2.598327614401438
-1.642648981188274
-0.457432366166988
0.21180016079780323
-0.07587958583224692
0.15709645666601849
0.24515875112628338
0.4883072171070077
0.4046526097409183
-0.25193711461329327
-1.4646909769165815
-0.31730150248730676
0.2926174055301447
0.19610916763283517
-0.036389180344500505
-0.8736380457832539
-0.3852682380079617
-0.3926877334604476
0.06333138586447223
0.237480687160868
0.06664583239483392
0.4169448569600155
0.31026664726856296
0.21300851669135
-0.12467550201132649
-0.3953148320970434
-0.37152916452067786
-0.5617627891133796
0.0631913081765317
0.1347351715326323
0.37136252882564785
0.04465424257494564
0.39462686914120415
0.8255184258221289
1.1147021327082685
0.8042253788160751
0.997295883735977
1.1454784579361879
-0.3835170363558393
0.4764213741997181
0.43738764199319957
0.48988144122813226
0.363634301599168
0.16552168004416098
0.4539828526087492
0.12912586089239103
-0.2552089580815235
-0.5080278425856158
0.030498447948553803
-2.233708048842986
-1.5447391700247177
-0.24387381536541972
-0.21716405697860416
0.10864204951018905
0.2884488806084905
0.48775390919059075
-1.0213044974070742
-2.4744834088212246
-0.9163992571552216
-1.6890405008738076
-1.6991062921313465
-0.37329856516825316
0.2978219771796197
0.5577881999225202
0.4246217687556176
0.10538803529247723
-0.6390515655236423
-0.08144880074755098
0.25014301645864623
0.24218654104557846
0.1232247156165757
0.3614361257670493
0.6770102954914201
0.2754999164061103
-0.2810363582708452
0.23562521211022003
-1.081752527965277
0.028964903546222068
0.09629585322737481
-0.18498654022592967
-0.527926302759324
0.5166267600979476
0.48497392415697416
0.10906705373889009
-0.6448281689732449
-1.2556474036130894
0.5137284205488499
0.8681252035582613
-0.18813088265884093
-0.4780014418182184
0.014360317591886721
0.5132234744568852
0.687753512658493
0.5202200036293461
-0.42280171655725624
-0.48852447561847223
-0.39488276052878823
-0.25782239812366947
-1.6704288493399517
-0.24374617341097038
-0.37202702514285435
0.1332497142714265
-0.01717147890961708
-0.4334903109533389
-1.1190826829334564
-0.2450554389492888
0.5200193745828915
0.5229180873832198
0.3981400075639858
0.6072969169427603
0.9174263472643869
-0.28664569130885253
0.19769802539285142
-0.4087993216501478
0.20659733691112572
-0.49042304619919813
0.7562909142257033
0.590025700825579
-0.43975075475487957
0.07007655602500652
0.14651041321581632
-0.06598185448911845
0.1750427449720211
-0.4932578299044591
0.6450155420149881
1.0134001502987897
0.1522536777589247
-0.6304848984224112
-0.7069074061148237
-0.8086792062267124
-0.45670702311605854
-0.5677193676040402
-0.024834268922793647
0.07338492447240118
0.1506785252066698
-0.1621893738518745
-0.007606193180230275
-0.49558073758969334
0.23886390135718538
0.05563470219368965
-0.369261481868434
0.23824975471047288
-0.09537924355177094
0.43359258057628824
-0.025644166479870927
0.6734896708613097
-0.33961948367779093
-0.6176096821098405
-0.08135787110204869
-0.08700020732589728
-0.07647406029322211
-0.3381087231659229
-0.35067896029661266
-0.05823151742558344
0.3344456169898623
0.21989237860747482
0.564342792533624
0.6166806357539807
0.2793649384852144
0.6404141644527417
0.7505362319322176
1.0254314993947244
0.48600162081072346
0.850868722989804
-0.5966796215241374
0.0417112604964143
-0.6708690446251859
-0.27924626117485984
0.15976513228327158
0.2780347495314151
-0.1550737968791047
-0.5691358083160162
-1.4912375193458236
-0.4581748154034082
0.08999515638638714
0.08441109681334796
0.23934582276942948
0.5006305860522768
-0.09946679811425589
-0.15198792996490743
0.0392641513078477
0.35258482652607726
-0.1258508617221853
0.3017437401799866
0.16520276411077736
1.0620104742758156
0.9141515265973384
1.0105355327429961
0.9608395683070692
-0.15175512023444393
-0.391745960004703
-0.526527795354223
-0.09982611942487021
-0.39478135406782056
0.17420107634369458
0.5056255902060162
1.0007938876854172
1.167425383040849
1.098543679334996
1.0407584667293208
0.3650650714120684
0.9560825520384163
0.956421695421583
0.7354465614507125
0.5339632099473303
0.5407210812667845
0.24775196527221963
0.3459655964582059
0.5645917680238344
-0.3284421022687679
-0.1457425000754444
0.13120768448389322
-0.5752647525184811
-0.4460843374572635
-0.5640000316473668
-0.23797451563043037
-0.7041788241850852
-0.2480918138716171
-0.1874420315368857
0.13490129271000892
0.23569708111011758
-0.258162771637892
-0.2118594132947137
0.1284381397320345
-0.25473312636825696
-1.2405979917538634
-1.3937674089281642
-1.0707026450438653
-0.8545930279879707
-0.5797661105040357
-0.41993724066652555
-0.5610555469898603
-0.3895565315069418
-0.48482379414792726
-0.26302535231338026
0.05077794027236253
0.2981964333833805
0.36176698447860034
-0.02815269717706882
-0.07802114196209077
-0.09004061255918525
-0.16292362197284743
-0.049134823221399254
-0.4499570178104307
0.3619126607904317
0.5587957367876368
0.40852624156118944
0.5259339482214979
0.42568765920570284
0.3336396735378372
0.42810272876728583
0.326155846858453
0.6220163921395582
0.7236256355368998
0.43438440339937284
0.42108633125018435
0.4645029102411838
0.34738321414289064
-0.31917081914787443
-0.4005949859050946
-0.1296465193690064
-0.5575052863886765
-0.293061407953539
-0.1753094229525642
-1.4888563316759178
-1.1515071244586896
-1.967274110641931
-1.9605606824325794
-1.8301856607614426
-2.31581927639773
-1.7435152242589698
-0.5177790718794049
0.14288174266243137
0.115745408872765
0.31905053785085513
0.11348639097892951
0.26768736278797833
0.485610463181346
0.6741285474258011
0.4700170980941092
0.24290918224831062
0.4207704844795677
-0.11980462746471286
0.06632334515928408
-0.21035700863891918
-0.38972997889380084
0.1859254226901852
0.27243515712215727
0.32865035467986614
-0.754052369322285
-0.30087538601072
-0.20778180813693925
0.318330361614707
0.2583205847183692
0.2696815554891803
0.4146531211937626
0.26560361829197177
0.09854081222586926
0.45761813584539734
0.3961021427227453
-0.020503835375026883
0.10365821135506376
0.3758148870228724
-0.5551618792303514
-0.18245122543369782
-0.3445426204485272
-0.18614005209085355
-0.6007993925202141
-0.4584262875004557
-0.16747606655851494
-0.7579080270467654
-0.18613787480187813
-1.2759313705680024
-1.856751831892409
-1.1365838734822291
-1.8548445345035829
-1.5058229097934823
-1.356820980826852
-2.6779076675102416
-2.5892268739543507
-2.6055649265506977
-2.9587742197638622
-1.6771403764975166
-0.7699236386639058
-0.12919497756193168
-1.4012481492306677
-0.49811175744370867
-1.5406959961045965
-1.8460828127918603
-0.7781178983571181
-2.2683988517320515
-1.4384802540746788
-0.8365676375952632
-0.14466125153942025
-0.6956438378595429
-1.1429853937517003
-0.9372873489085078
-1.4572503132420138
-1.4290031197479238
-1.1998874741161516
-0.8023838311288782
-0.8426389164090208
-0.40386725078262625
-0.24879050310853448
-0.30179418821373555
-0.2530524054537093
0.2188718224949202
0.5888901495329691
0.5240479622493638
-0.02135629111397104
-0.01583257667803456
-0.19609570108887323
-0.1730658272062396
-0.03997391055152888
-0.21641042655685283
-1.585202319886368
-1.7572595810745648
-0.8782451366437309
-0.41354796614468803
-0.4613449523642392
-0.3682578632949419
0.10009245217731416
0.206318946602229
0.256473391189934
0.44499927345817925
0.22617604565349078
-0.9131424015075653
-1.4826275853770512
-0.2856418344884504
-0.11219334405063024
-0.9331079856399913
-0.7537122576929972
-1.0502287733623947
-2.0543678502095015
-1.916320091922068
-1.1854396860717218
-1.0639131193252211
-0.9865895713412958
-0.9021732153200193
-0.6150072022473625
-0.14626007790284365
0.11691188737160729
-0.40102286547330274
-0.6568899892208061
-1.2677797336681533
-0.6805946860758165
-0.9454575782006056
-0.055257301727813915
-0.1119758007500244
-0.7621405331274993
-0.004637289783723563
-1.0540296257491464
-0.17568694242060987
0.40229851194344307
-1.0295957039025043
-1.1436268236898224
-0.5668915732456904
-0.1375082963928778
-0.7967976862948876
-1.6789492569802862
-0.9069592720719764
-0.6443616420700493
-0.7294495000603274
-0.9216651970781876
-0.45769472394452476
-1.558475464633886
-1.9534828444879568
-2.505035337933863
-0.5581541306565523
-0.018858554127737567
0.2676826427754144
0.6901053222078847
0.07787961501105245
-1.0868149811017902
-2.275361586821792
-2.426148658002297
-2.859767206712324
-1.426909749613133
-1.5127286830794036
-1.2870991916604502
-1.1843077990875988
-0.894465629704007
-1.7393265691273552
-0.8849876537058343
-1.895810009011495
-1.4029103538515864
-0.289685758690652
0.170664109255973
-0.060363818247061087
-0.4371652664144704
-0.01695370245709023
-0.8699383149553537
-0.470442733604574
-0.2134079559089325
-0.6143038272426772
-1.0226677554776253
-1.0818060167804382
-2.4479144446401677
-2.292076146759701
-2.2822218304298723
-2.26781189691374
-1.8495845162882638
-1.1725908174265562
-0.9319000347379689
-0.4754530040484586
-1.0831066492203971
-0.6023158984824863
-0.13481704373226336
0.0990118081491902
-1.1725930555872932
-1.5346417741674945
-1.8864536798833957
-2.1355629884921763
-1.240811970519814
-1.5330544705649591
-2.170441685895045
-1.6827908350535445
-2.1198172975528293
-2.419559866671052
-2.129302870139249
-1.9030888929397438
-1.472799442539407
-1.7385976877338045
-2.418220035958762
-1.897052616155507
-1.4363555018971277
-1.0537156434579629
-0.6247701340415234
-0.9254311763775365
-1.7219140151164345
-0.26515267192999625
-0.2876478260070327
-0.07143459315796329
0.11502118119312182
-0.23543790686706406
0.25907260000158694
0.4570847409345621
-0.41830937074936564
0.11441463800020722
0.6386319474025881
0.5076002554299449
0.9440132154243474
0.9998358358532915
0.9484329704206854
0.4613978058407263
0.6380061433474997
-0.5511530692783518
0.030126078208064556
-0.7756463969359396
0.36740563452368846
-0.36675419663299513
-0.1033835615869472
0.17602988463996921
0.5519487489818528
0.28574635824359007
-0.15397358207921225
-0.3541988461858558
-1.0418090140158267
-0.4124464481335265
0.3660414200593121
-0.2102331969364603
0.0727034118517714
-0.35844658377347954
0.18273770353854665
0.4494226496895775
0.4763672465956522
0.3255041506763379
0.4526684680527967
0.5057520045789684
0.49802356363169686
0.1525915240862221
0.45846984671297014
0.4952313920782916
0.4525063257441492
-0.8421778657171819
-1.4302460585260777
-1.65601405258825
-0.7215907434357121
-0.9798955712484403
-0.41673918775648017
0.3350086012328567
0.27383578988076634
0.374009178708969
0.5081849041752432
0.05677795562604414
1.0012603351575595
0.8101232508356074
0.3329485853250566
0.873284199886549
0.3892508183185749
0.5083750016482841
0.6944450776684963
1.0399505058206988
0.7701187693996008
0.3065561977251801
0.5647664559633412
-0.45690141229414444
0.05625917086198967
0.40958255541313515
0.5749094970875572
0.3312145869984732
0.4093962986803156
0.12701695267328253
0.3887973130524057
0.127796799542669
0.18087095494338606
0.11814933637081512
0.7621985358733511
0.7468852031833649
-0.33586231345343537
0.5715266294282515
-1.1781469301247054
-0.3543559355710379
0.31925955021979385
0.7258890101711067
0.6598864924764418
0.9243069922602541
0.7810953637104406
-0.22071704905178405
0.3212729523169634
1.0701774964457194
1.0749802264237016
0.6950355483922004
-0.33513439862950434
-0.9452332737654794
-1.9438295231377252
-2.3828362822349765
-0.47007423352120903
0.6298134552359004
0.5092022686471167
-1.1293020146403223
-2.2644632125132023
-1.7433276945323515
-0.42838840910116815
-0.42343150653562067
-0.2507726336384969
-0.29743943075818136
-0.4798469193412209
-0.1214527385313783
0.6128391717927011
0.30844874155507196
0.5196530157071858
0.3576126269602799
0.17691319336684724
0.5664305805512703
0.45869763492487164
0.6825462701625096
1.0198819766941407
1.0428437800777994
1.0432335742486243
1.1256011836537163
1.2145113717779807
1.2508354982639414
-0.06483536754263622
0.014374527249236825
0.2917656856962363
-1.01939974107443
-1.6961372856834562
-2.5398162000735613
-2.85556340036236
-0.8547938890637501
0.2587811407232219
0.6997188666150251
0.8371766226231208
0.8295017873406917
0.7077603286061294
0.7696656196627575
0.954357428432913
0.6676798704815037
0.8674282116496349
0.6227573160769452
0.25052033744748387
-0.16352415076237237
-1.3491035957906146
-1.8756848438026574
-2.0313474819163666
-1.8494726772702001
-1.039026643142394
-0.951666276028037
-0.8064735065806865
-1.8836984274116757
-1.0718241936814594
-0.08225951118020701
0.4761544423654892
0.8766754388976618
0.6732889124213729
0.1002762011349883
0.09139911541736555
-0.0914576379252085
-0.001767939863637178
0.2308131397235121
0.7025553857089641
0.6705208329782841
0.8042155219893481
0.2070112577102649
-0.4540378530163846
0.7326549484026599
0.9581585094570475
1.0564196550715288
1.294652019229859
1.2885551404993425
1.2804769784688337
1.3683560708415654
1.3512791118421486
1.5257634669779148
1.418923875834012
1.4955904287840844
1.4637787130882276
1.7717444055523974
1.4927186520800255
1.5052422328796897
1.5574985572440114
1.7229475251990276
1.4961449101788713
1.40603735652777
1.4511855084647955
1.6543889338624846
1.2008991005159189
1.6929966584206626
1.493411818453005
1.3290859555545127
1.3737164367469894
1.4528015915695465
1.600786936647077
1.6770172018631582
1.664716952788235
1.529245840547574
1.669322020460528
1.2400918736332522
0.9497549011389232
-0.3418262212816012
-1.920539795729148
-2.438973649382403
-2.2108132411580814
-2.654461793706571
0.15418839817100177
0.5853844103639334
0.6615188704477483
0.33800496320483503
0.671921696209225
0.7942783143902188
0.7622285689426269
0.7921137297476362
0.3592712125201435
0.12786629960687546
0.031208329733392284
0.0030340963141880914
0.38556220769473165
-0.31766763527276826
-0.5075317604741333
-0.13200442468731166
0.6468629668761945
0.9325912516912114
0.4067392430087527
0.6103148050774277
0.5405200186382452
0.8833655070837659
1.0042125658859904
1.0966403875358692
1.34874518165734
0.47227376393235104
1.0654092611689479
1.4626348328508496
1.3292380687844731
1.2298485382419306
0.7412896891926298
0.6909479225049047
0.8793637563646953
0.8091309014536441
1.0040075687251055
1.0145790079598829
1.1975746243259975
1.1573953472536256
1.128291785209503
1.1790831294360034
0.39724569459530645
0.6499318290028147
1.1108121622267175
-1.6185420570473434
-1.3532632547394756
-0.9363222742897993
-0.13226364600777255
-0.5943933851828558
0.32747520726639545
0.6485408262625506
0.3461527711965175
0.9747421504890101
1.0375782331037644
1.154567748315448
1.4040987874246906
1.500110419556667
1.0027297249844578
0.5150704246143086
0.5105941619211656
-0.9427803882335877
-1.7574759132535835
-2.4934234371791346
-2.076187529035263
0.1000399440106705
-2.0895119246249094
-1.9705385626465326
-0.6840084703835498
-0.5937056639444773
-1.6736107190957012
-2.7337497813127323
-1.9495541374619938
-1.224723338661674
-0.5258701424676062
0.2280373912834972
0.1548729038824812
-0.026007587420769786
-0.5006900111782379
-0.5678740488239817
0.08024761040327687
0.5463819267264147
0.7624016730174357
0.8392078955223129
0.9760587914690321
1.065022727282821
1.0019269750234805
1.08729221163715
0.20578027584371383
0.4748033287605274
-0.3918665952475129
0.30941151974461445
0.4650711237708812
0.2956651275715616
0.5086623210724207
1.0182231630097915
0.7433884605313983
0.2339634308015074
1.1194101777907473
0.9152657848495727
0.9088947694097337
0.17337325223439382
0.31062320639279295
0.2405889223986476
0.1706668235061178
0.19147681230578817
-1.1663438521453187
-0.9130414186255367
-1.820332262871251
-2.183833310116789
-1.063733868720691
-0.6034218737248842
-0.45016413122474164
-2.296454483409575
-0.642771782720349
-0.9952390551037722
-2.381354434264954
-0.20838023165968952
0.18294156082332366
-0.22111452105788063
0.011572475428349995
-0.6058264034823558
-0.7423001674779445
0.2833332382374275
-0.6666513388918074
-1.024120479162145
-1.9853769716554548
-1.0607399570107494
-1.708987018691497
-0.27404554226554056
-2.5024789544547965
-0.7501928755495061
-1.8154210102475217
-1.5495910879685495
0.23058716452549177
1.123816847321628
1.3995834345730966
1.4629276826365325
1.1816812275729893
0.7404583872563233
-0.21411472432652467
-0.9042721875908254
-0.5224690180267151
0.2978199129107259
0.7460188370895938
0.9406089464386529
-1.0767796274587638
-0.2800736087910979
0.5512931615766995
0.7229656546194154
1.0987201464748655
1.0502650740527089
1.036630607781523
1.3495706640013811
0.8452139398297343
1.1842017543429793
0.7878334090696
0.7763346286442343
0.7100066955507034
0.7964370317647846
-0.611955564195425
-0.35172766838657216
0.3277555788202114
0.9859705930141316
0.34218080417035074
-0.6462303277388635
-2.7014561449634233
-0.8089338988259557
0.12395609730548289
-0.5451508731087614
0.8784658837603142
1.2106552091401044
0.8477316908993774
0.21872266627205508
0.07205891683257397
0.06328920767357289
-0.4961368808972907
0.22221744851282899
0.6238346247949306
0.8163261944564943
0.3142752364427536
0.4536221357055796
0.5523488236140782
0.6674544945530932
0.24270431824245253
-1.0505927472245058
-0.5364967249710014
-1.5063027806385787
-2.2859324823142333
-2.3894862335558553
-0.7208977802284997
-2.3733480765628023
-0.47164585991154934
0.44360060862077616
0.8064144641810277
0.6220244952527579
0.3712860057903854
0.7639610872612941
-0.19644516292777822
0.6214214248238815
0.7209141206718638
0.39537594481025456
-1.1545278203163836
-0.5515097136264814
-0.027859884766359002
-0.12264503079298514
-2.6459859329349107
-0.527118180119055
-1.6475094148988068
-0.43851137496343273
0.4794921213688949
1.1879735197142196
1.17180442444162
0.8806190765145016
-1.371407239903092
-0.4802891227316212
0.6059341376498787
0.005390349248078023
-1.812929685939886
-0.3197194797262914
-0.48792021023478954
-0.994541200447503
0.30642474832795014
0.37751627991700804
-1.8143880469626563
-1.7993302240217326
-2.587150441662515
-2.331881188527355
-0.7248352485649557
-0.5741972052708034
-0.38008758877986903
-0.27495367704685003
-0.40554114109409745
-0.12757901372519834
-0.2659008121717763
0.14361041494931717
-0.4274887796829742
0.3391279819496227
0.33524236147467046
0.7186313412807445
0.7709577370155161
0.2387938166956685
-0.28718038363395354
0.1689388042728375
-0.29627863735850585
-1.304548728672866
-0.09353956997135582
-0.21118370642652284
-0.4075079726317467
0.20980127993414374
-0.5323351595324033
-0.1401463036894871
0.3254798484377599
0.9355607763784155
1.0563496116325328
0.9488206596243888
0.7965190164149812
1.0704441197453538
0.21723830224411933
0.05481893603478228
0.1360700177251421
-0.2764707615860398
-0.019572708038117816
0.3256920361705168
0.4053381296995944
0.4205634594177537
-0.2656916093556089
0.03275134001325101
-1.6293235530514325
-2.581008051882117
-2.3840409591396363
-2.4958575588129497
-2.321298127184193
