0.27927597497730783
0.21480839574716748
-0.08211721120343815
0.07795538259944673
0.30410925890085994
0.16967780257213158
-0.12032604521865711
0.07897607839851577
-0.08953776543102976
0.291247667906919
-0.6259116890954631
-0.6997003077160886
-0.322286290364622
0.16247951736580643
-0.18231360434292596
0.031040928841681453
0.3173907003525776
0.37428545397551866
0.2801950955110811
0.6248315104972385
0.6212985279311749
0.5590412901930158
0.7719647479590588
0.7665158269615376
0.8102060585579413
0.706224523296896
0.8657229591642897
0.4728045262936806
0.350694871337021
0.23497787389402705
0.16962104402284015
0.535940676252025
0.4239339838346685
0.5494612656843018
0.4988043796012728
0.27653421125866645
0.601756170285045
0.39324250185450593
0.397844289318161
0.5130196465801183
0.5685684659071693
0.867863861607168
0.6528821528259656
0.3240671548981442
0.3107700069807065
0.015312521456217743
0.3935309080163582
0.5255528095111518
0.6014734880184561
0.4570179691137718
0.3256010095417635
0.26754660224972027
-0.08098468042005126
0.32826839960287524
0.06144628019797324
0.23464874353223117
0.2481200826650122
0.08239347096751688
0.6304820686272778
0.5898392729022901
0.6142669887324487
0.021179478064415103
-0.04170522728958568
-0.027235849342856572
0.16992267607387654
-0.14840685461849515
-0.0453600737673427
-0.30617150682291544
-0.5586988767742829
-0.43191715324884483
-0.04688936368349102
-0.4576947162726676
-0.05772682772897304
-0.08613717004728978
0.4634922369625153
-0.2731071782082712
0.09009725042998852
0.49223756769627885
0.7434107429784453
0.5837201558735107
0.6198205264689649
0.7886374094473976
0.7577470210161457
0.39183321088227796
0.7474410553163848
0.9445783632502126
1.0553460868870852
0.9859730618524174
0.928983096390271
1.0240591002886446
1.0605813970342777
0.9438292296748377
0.7294381104505085
0.8143445811604519
0.11158228179416191
0.3053877525182922
0.5182642879138408
0.6220714038863927
0.6912208566312054
0.575243405272229
0.6759645583739831
0.6724110945391674
0.8096361801838008
0.5935890808766624
0.6592494306392215
0.9250262170926528
1.0864432495667453
1.010083751543555
1.0531653711496356
0.8321617696666509
0.840333073557965
0.7529988173634894
0.9882887435050179
-0.14554651943257915
-0.4550723992111143
-0.4607711664387689
-0.4203315309504487
-0.31767201750898116
-0.1659037726168697
0.13220985075279595
0.29655191875450265
-0.04229462437513753
-0.2741248258281276
0.1780167404953832
0.08547179474994863
0.1862296958752256
0.45467702010474
0.635716662575755
0.8318937963811948
0.4899737592844301
0.9427296616895323
1.2068022826789977
1.140441377907381
1.107244334984315
1.1017607436624184
1.2863642830107638
0.8011647802747915
0.7523417966657117
1.244620815784271
0.6982311361151511
0.9145998670727614
-0.9872353914708851
-1.2387755295495726
0.3330109688993216
0.6976122122532119
-1.2084754185707558
0.5176193664062486
0.27244278760545
0.6810031671145357
-2.104477471646252
-2.705320737778143
-1.5092265299524397
-1.0292261525213746
-1.9839494857397921
-1.879476379744169
-2.6234490667745796
-2.0021205504119886
-1.7995451394690454
-1.7537138109230603
-2.36179767518628
-3.350902024483064
-1.8460709859702458
-0.5269112520517363
0.013626509868557096
-0.19754285570397045
0.1793471275607945
0.6597898195163406
0.5624295693704461
0.8461980764555176
0.9160496811143007
1.0879452373176475
0.8532680739599386
0.4607818067450158
1.2128754947487028
1.1850610439137674
1.0259484605796783
0.9887527836904834
1.2795946541734944
0.6539930758921003
1.0544529776314948
0.7128162773970202
1.1822420695547313
1.1855786946014557
0.06145977740606091
0.7455650954193435
0.8008608416626704
0.8982462914558886
0.1971421838102289
0.6996598770888879
0.5112697381812297
0.6467900395327858
0.9547062426379938
0.7963203950026856
0.4897343024613682
0.6307476343993897
0.21754704230505947
0.04658328712297243
0.2275457249547308
-0.872604225472624
0.06721841221728728
-0.2956320425491706
0.06779656758109277
0.21361509490681116
-0.4083863614942513
-0.5625341066663998
0.02212659832441458
-0.34078974229319137
-0.16466884490648093
-0.5259797202543572
-1.2167202756323234
-2.5995845623424656
-1.144255743357316
-0.08149977253368865
0.1674098589206654
-0.13917412966093595
0.27935752390849594
0.36714442112498813
0.3645490861500938
0.48330498877359634
0.4325686366807378
0.7006399297684266
0.9371647987879104
-0.1897666077634076
-2.124254477386641
-0.6389575731870399
0.5397903909844319
0.34640448181527117
0.8923935536660199
0.5402576035598837
0.08160570358336486
-0.06833352392229321
-1.01022547124787
-2.023992342301085
-1.7092652386938698
-0.9722984815466154
-0.6249799788373714
-0.7065080970964557
-0.03062062334469974
-0.06006419636162111
0.042320938598693805
0.4174497780095991
0.44202660007414984
-0.6827032393325013
-1.854060577041941
-1.9523918340372106
-1.3178462196583862
-0.9516878473593956
-0.37360272252676546
-0.7184566142691162
-0.2779956456088858
0.32411278858515036
0.6569472706258503
0.07326961975097403
0.3505031067192184
-0.938763410914237
-0.09492672132201005
0.2666413503120572
0.47735009209461865
-0.5306930894244695
0.10704879321662883
0.29058226013395033
0.4162688745228744
0.8497595097167917
0.2382610475341571
-0.09650795596048989
1.0338602263859442
1.1045980175585532
0.5163754535738021
0.4230977482015243
-0.23379162043400004
0.517830131217933
-0.2320000619537816
0.05159790759398123
-0.015396776328646267
-0.21319175756907965
-0.5702622895444857
0.030347194825568653
-0.573312669419455
-0.6983213234553808
-0.9725671824706772
-0.41884596305734606
-0.8529196692330144
-0.7649389575498613
-0.9711166842176335
-0.5930722112321073
-1.0314115913502435
-0.43671025220871384
-0.1163946248478487
0.031634395077190056
-1.3119676565129266
-0.3842501466486514
-0.6373895516244393
0.181777747158194
0.6164765356863652
0.03606535321827138
0.2908338619314853
0.2648869538408363
0.7110792938534308
0.784407508510908
0.8651195922718135
0.39662620599873843
0.6926692136866387
0.04696057834192184
-0.7856332737169649
-1.5003408805891698
-2.276455567946087
-1.3068480639060902
-2.4690693223238833
-0.26053039476854145
-2.447007755441736
-1.6154800324172196
-0.4573427204627078
-0.6054345167826424
-0.19328767134297548
0.22049769764441976
0.21194520958553395
0.47711121711281806
0.5187348445481783
0.5007942750197846
0.3273448257967146
0.09525040023196694
0.27524110461915585
0.6281864180566684
0.7849962090481163
1.168430426666618
0.2654795716405587
-2.2446784215699878
-0.4369756768731695
0.01056936834972239
-2.593940666932793
-0.25347478956511704
0.18104776200333816
0.1762975560981334
0.15266404995078076
-0.1301176498039063
-0.31257107134896844
0.022699234451966824
0.4032247947398797
0.43973653828971326
0.27343661481562015
0.19920523986211403
0.09579547630055525
0.7110266500266862
0.892909719498024
0.4555627806475181
0.8022000713011457
0.9605160853079917
0.5244656793367879
0.6017146259630137
0.4161576672516676
0.3405336600579967
0.04723222068423854
0.36673705803288964
0.6861678873388279
-0.7388179071092126
-0.5298221316522798
0.08112374467872288
-0.5622309711757093
-0.21421505564355953
0.9531483663339699
1.0002001838354677
-0.4104110567710945
0.21155987568461407
0.6301926691869053
0.2968782403876609
0.853016935337565
0.7612359976804041
0.46200873270413106
0.03579223967242009
0.8619701631366801
1.706415672094967
0.32824157257201764
0.6576968041579869
0.8137523507499798
0.8569553429999001
1.0053816538324134
0.818062812863957
1.050430107279615
0.8802515726287246
0.21624732212492018
-0.2560684509751124
0.3065514287998224
0.6480729539264475
0.7808885077188594
0.8043897364868304
0.23712628559331386
0.7598898253721251
1.1055283195083907
0.705925681109449
0.855435288640948
0.8717290562398032
0.40412265923045004
0.6478264278456561
0.5400313515074538
0.7744991073264343
-0.3043255504873499
0.2802342703576718
0.7877625204571653
0.744935329921124
0.5076988489468438
0.03267480357609146
-0.7501853586975249
-0.16609918404941168
0.2897267655643104
0.6732559949489703
-0.21659919496259736
0.11798288128503195
0.03107048523156617
-0.31832306894733825
-1.7070481790495093
-1.515898424977112
-0.4428968653371158
-0.021143352260726552
0.39639346593289276
0.08611070277955239
-0.5231995126589906
-0.3976902124462398
-0.10057960222588244
-0.23917039769955065
-1.7590953492243395
-0.37430608177684627
0.15432276924438648
0.08868948149619121
-1.2309029778638765
-1.237079449207504
-1.3163791948003056
-0.9995045288387124
-0.6123257624793931
-1.0106251550874785
-1.7509455019672995
-2.1873316995043264
-2.3161925045663008
-1.8875803156527748
-0.8083718648260632
-0.358879480958646
-0.06999627043067179
-0.2685933122755026
-0.3503001863515616
-1.1432721990239196
-0.6864941850312815
0.019506151678062227
-0.7947334603842244
-0.7365571052571457
-0.27996784637165695
-0.03958065874071862
0.5238253896683402
0.28641722500208416
-0.6661854939259002
-0.20284037308763006
0.29682676879336617
0.5884721955425117
0.6478810356616493
0.720311000867305
0.657173168283663
0.7322411340868965
0.7501555756309143
0.34895301675237655
0.6521483238359557
0.4208303496633981
0.29958119212728773
-1.1978017663291947
-1.9345807517390035
-1.3112155819724995
-1.3585355040145943
-1.7576826658773974
-1.081151950529352
-0.157329267793751
-0.8802053000678796
-0.6221580912861981
-0.6353826672562637
-0.5868244493273571
-2.2298680243205635
-1.3237514282229117
-0.6315898946018903
-0.18412334461737204
-0.22739588855227252
-1.4889617918731481
-1.4711500155008785
-1.2580712745265294
-2.0607776902340675
-2.2712861118932137
-1.4880331267167701
-2.334455549296637
-2.860490282973222
-1.2611804525868178
0.1998423159191424
0.3183974929708827
0.03302617417176804
-0.2546040761812746
0.30344527815355243
-0.24276585149893623
0.016085788890109885
0.5197872223686635
0.564513467285397
0.4930724185280867
0.7189505442095426
0.4321223484455301
0.68472065380263
0.5690933363292634
0.46498803126330646
0.5857557908153744
0.08769858483646219
-1.6030461120033048
-0.8922303931598714
-0.48101404110387397
-0.0679508496654648
-0.03164772465749568
-1.2229549164804365
-0.8406986695202264
0.347285928331727
-0.31179341768006286
0.5705618391562245
0.7889697109739657
-0.3888512371030503
0.6161558205889003
0.6476082301153702
0.9235507904235964
1.1035436906683445
1.0349946375087336
0.9568602577994415
0.7426604262638903
0.757705074167714
0.46591910589005897
-0.3004875996455726
-1.686112021241466
-1.04153878331924
0.24652658147004625
0.6917874467576132
-1.599263349500996
-0.84729082226534
-0.5168709969815735
0.1299900457621805
0.3764712955165678
0.3926002751935737
-1.6303876869178449
-2.369620975397199
-0.4481067182053632
-1.7679707287248634
-1.1588606553006433
-1.903217830234481
-2.9378443632162066
-0.9679089322728293
-0.518704737758656
-1.0057810577912571
-0.1590228112886858
0.4381724478179188
0.4169464591204376
-0.09119903586171718
0.3258558844821092
0.5310633298238941
-1.3298038241722652
-0.4115978275794014
-0.135129732269522
-0.2660513640590942
-0.6995981448982731
-2.195101157312791
-2.9592956699815702
-2.088972133534772
-1.4059283057156449
-0.8247016537571474
-0.2984504353068461
-0.4324610918815714
-2.221819464328474
-1.3788993730281347
-0.2810045476683956
-0.10775789574112747
0.13894205508601903
0.4388663314506097
-0.1950459400716769
-1.0404827140337052
-1.0183838527815232
0.21876350651977605
0.5600711793894995
0.23997097187016928
0.44177653066340195
-0.12157701102417806
0.2707082340357062
0.06473354393070578
0.12595633794353558
-0.11722775115492036
-0.46230508057985664
-1.661226569826676
-2.2429358232668983
-3.14948867371746
-2.510103870122398
-1.1777154251725108
-0.9198619587547391
-1.9027296058652892
-2.2256478488857243
-1.1439154681226844
-2.0297106143092107
-2.733959314431096
-1.9999181432781665
-2.4149822468673157
-1.8589987738234321
-0.11984472526788846
-0.8943107127502542
-0.3787510297724227
-0.19363644507284883
-0.9336796331814932
0.2284502124859957
-0.006584757771115173
0.4581444832377715
0.8338636319961366
0.8408275218249535
0.33830483200396305
-0.15933389358240524
-1.195539083544253
-0.3646251369164064
0.013257402757950091
0.273361463793684
0.13651614999257544
-0.3385070285871817
-1.1909664644026363
-2.2233495097229667
-1.076962651187119
-1.1814921059709862
-1.1846986442047134
-0.9241780875421457
-1.5090552749063515
-2.523690929604295
-3.322895074688643
-1.5366616187844784
-0.8822035832774598
-0.7941524326809506
-1.8711611020349779
-1.2016447759414528
-2.124690664545447
-1.9164170504126674
-2.1111213794328956
-1.0414429517107662
-1.2224503764185444
-1.7071418957714553
-1.6751351474648508
-2.0629310891003656
-0.6954603511343068
-0.07226369636271575
0.3627268173096994
0.34920270725629665
0.2825711395878241
0.24770143272668277
0.4004432890723914
0.11047721307535777
0.3448081112438518
-0.710939847663711
-2.6831975656722205
-1.5779887211526618
-0.6654665663975656
-1.1726477885076994
-0.8773822599671244
-0.8567775206786984
-0.4527849554661118
-1.036264463662882
-1.0186111472466015
-1.121225237933068
-2.0062835667788503
-2.8563890756454913
-2.7596603248258584
-2.0529745226291594
-0.7973601918088371
-0.491877135038594
0.04747707166122842
-0.11459499350410655
0.04420656100429994
0.19352095687452658
-0.535097951150063
-0.01610670613689142
-0.14935689680857547
0.4288732724236605
0.09946674378809142
0.49891360916154254
-0.10021927788710557
0.41880622493518743
0.48664376484015487
-0.09104630543822434
0.20634522615195947
0.3416030141401789
0.4307882863710185
-0.5690212215501177
-0.16173908638013473
0.1962881362995567
0.3359227213078415
0.4483825325113855
0.5085121743225913
0.1596063667273534
-0.2749470664384083
-0.4519979804942957
-0.3974645789194492
-0.28212745652963667
-0.25766744932803937
0.3193579759320302
0.46200929768571264
-0.2662469844114213
-0.5604156307910764
-1.971561252919878
-0.10749206939967942
-0.298757409323731
0.22632916833807293
0.1510495740437554
0.05009617964955501
-0.555935241243356
-0.770635626398837
-0.8967779836815494
-0.1912464779260672
-0.3867786954759125
-0.138633118127673
0.1511631028512178
0.3705192008054993
0.34587899816802514
0.25790892893235234
0.29879119331136267
0.12444211318000166
0.17111105148254818
-0.02692397414040988
0.2049668280384762
0.197915172132619
0.31862022033686105
0.15169795230918307
-0.2627923223048247
0.1687222498833211
0.34392434958613677
0.1725655803986786
0.09912233219399202
-0.05170785600920588
0.35209967183279756
-0.19330725609014462
0.008145674964003698
0.267761647430822
0.10191693614536344
-0.8515722778917212
-0.32825589837911096
-0.2921252689264646
-0.06332433569886481
-0.012146509476293676
0.04497425647227488
-0.03379034136601504
5.472518842574445e-05
-0.11261095234031258
-0.3856099460054177
-0.5710652341493333
-0.35959424015767794
-1.1984948552911796
-0.12584937865399648
0.4699424641892413
0.4641402929006991
-0.20234498114151014
-0.5664640236928203
-1.259000204654781
-0.4797519880214423
-0.13754158705727706
0.0612139296561599
-0.11123633232732814
0.10019564090956495
-0.43449790479969685
-2.0646233498527007
-1.741751976587607
-0.5884819349213046
0.12655964977307424
0.015993532480097626
0.37657753175838654
0.04164930004122526
-0.16150372721833314
-0.1950767230703201
-0.02544862160951722
0.1183295604808432
0.07891089582325048
-0.565741379295894
-1.2158477081867436
-0.2838900622335877
-0.38262440393028346
0.04188251803087827
-0.017777996416012156
-0.383625462088893
-0.08904405307792981
-0.1422426350749551
-2.010927653773454
-2.3062915088741125
-1.6507215119125807
-0.11555591072993801
-0.04078379672561706
-0.2779427112222746
0.2679241850858609
0.4172456553351951
0.48878844691414935
0.185881488019848
-0.3536600403905068
-0.5553027288448191
-0.22553487845158685
-0.8337208335529707
-2.3279304703822934
-1.497425592110168
-1.2211182006906192
-1.0722555597754355
-1.7576252940103891
-2.716957827544071
-1.8351092606553787
-2.313445478896344
-2.5949637710607627
-1.3292738869187626
-0.36594174886464237
0.19825226614790498
0.17769295876378197
0.3613510264512404
0.2867455583757337
0.1644273961847294
-0.673210398144731
-0.7422622204578815
-0.09124538828068794
-0.015870112539154095
-0.394593441600366
-1.7903565503102372
-1.21741451116135
-0.12821750372240054
0.1579924227080124
0.5527668107648467
0.46222554020342244
0.29404594796714056
0.5615346518089145
0.7150735405298327
0.8897113788767308
0.7585724249678377
0.377117303926244
0.6424024825615557
0.7172007630914908
0.8418787742009104
0.06969098131979981
0.37660311230349897
0.4515397410039509
0.5492771566446045
0.4154678316135271
0.32371061952994695
0.23723172396900566
0.4774973607300047
0.4420283184609029
0.20704995932735298
0.5627372140242083
0.0028248014542409158
0.23630733937818954
0.21946468819456533
0.02254859830120793
0.3553245969299494
0.6006399175074393
0.5804890652183574
0.09741062752614593
-0.2781446182952154
-0.012540848265888502
-0.687884403825632
-2.141590690373794
-2.8117398900465136
-1.1777021378911647
-1.365952773155585
-2.674517706462945
-3.0769144706506895
-0.99977197850706
-0.01795603180148024
-0.25224411875718317
0.10720837796551598
0.2856641828864967
0.2561424281538616
0.2473661113935281
-0.8754678817569633
-0.7953596860486785
-0.20101253376026562
-0.10798268108588234
-0.1595555611294614
-0.08258043000508787
-0.6303847343733257
-0.055617276368557254
0.07440513243246887
-0.7301297290916805
-1.8644790833089497
-0.9325543522230832
0.3397931760909235
0.16738665638279435
0.21382077858506912
0.4871389977048974
0.7401204341439129
0.18517517352143706
-1.2551182425968725
-0.49964927133103
-0.01886021780757974
-1.2149631976150566
-0.32222202713468506
0.1154245487222992
-0.1055213212914205
0.2598785649512847
0.19774175401681982
0.20075766106524487
0.37165623607038506
0.329057838949209
0.2361196531917733
-0.01981532284509825
0.3600491296982506
-0.006957476083070922
0.08615888934352478
-0.16672011258799924
0.15264436541578122
0.2250522764501256
-1.3892857606827669
-2.399431042741663
-2.4791948399601416
-0.9438207560119443
-1.4640183609642436
-0.24686870260560945
-0.2820771893466473
0.19384582833539676
0.022326717347656604
0.19403167354914716
-0.12004819231125503
0.03151785330386992
0.028502074782325516
0.09690219553262852
-0.8985893061537708
-0.3928680818977661
-0.44557479178297865
-1.1321977999172428
-2.317936908215773
-1.003731203284362
-0.26228005332434245
-0.7774928333042048
-0.5238617927593784
-1.8580222377711593
-2.366969638837508
-1.4996190229083088
-0.29993049633302526
-0.35699980148886384
-0.06317473627287432
-0.38025923454034305
-0.33766392906086684
-0.23105301912586618
-0.018947262169509763
0.1463471322492398
0.21170989180570624
-1.2610318803214953
-0.4287524735329045
0.18069382659376423
0.12218790630343952
0.3076659431922158
-0.22108220105582935
-0.46600852729387854
-0.6397990600629287
-0.9261735889684842
-0.6222949630286161
-0.40273493747941835
-0.36019989298728844
-0.6345315424974063
-0.07323024466071394
-0.1753275637240219
0.3530216400714293
0.7727157865717992
0.6551063866844304
0.8277920009120215
0.6072346980898905
0.8262874735574807
0.5678510860655598
0.11475531770240024
-0.030520049459286505
0.10360226642114063
-0.5326489581846652
0.1268658982875957
0.023736161229764192
0.15768704478805678
0.5205168147843656
0.5046352175206198
-1.2350025079289224
-1.7932693295580446
0.05696446171072604
-1.12367595031038
-1.2606972786218928
-0.5156795592527834
-0.9693571602815323
-0.743826835611746
-0.21643647312848432
-0.14737078064888048
-0.305536867680887
-0.7240705549400906
-1.055869967695117
-0.5814691801800076
-1.786243217387302
-2.661393851762925
-1.7123539409758286
-0.1938647209329936
0.22425660745195478
0.040405494799180174
0.2619684216925059
0.3614837157820999
0.5321478897083207
0.467816554952224
-0.18533787059048493
-1.1399787636826297
-0.16581625597064484
0.2948341452328072
0.19927672568031649
0.09142673721863852
-0.9085838546282441
-0.31912500553646445
-0.31137032954616134
0.15707266001242537
0.47906310888316606
0.10941778863072828
0.494877839874247
0.32611800718841744
0.3220381452596425
-0.1328301186402091
-0.659623572561266
-0.4694316495234844
-0.6335665631472629
0.020771967994494836
0.12032416016836708
0.49571987685062685
0.1235607821859854
0.4828411390666603
0.80296070329944
0.982806312067949
0.7735060608208763
0.9237138803238323
1.0895890276859839
-0.34841639647048833
0.6199310529445551
0.5047651897271138
0.6499477991028098
0.24003972931155787
0.07031488422441126
0.4003543895363172
0.11478726836758567
-0.17133779973708885
-0.3690131957253854
-0.19647784375870384
-2.472751780252194
-1.675816736834079
-0.2429182952907384
-0.30882119543722275
0.1771871593012335
0.3325713970337518
0.4958226564933977
-0.9391271154285598
-2.4371720400666788
-0.9718223642068446
-1.572258246306717
-1.7929921272334686
-0.575266623656096
0.22249128776235377
0.5199571555748418
0.30543720140963176
0.14951057186551586
-0.5311534368727159
-0.020840298512554367
0.3026328430930989
0.24270717336513067
0.22214035525854028
0.46993246571763075
0.6929193225363449
0.28971849563179014
-0.2637489667969199
0.13734484906219327
-0.9385690173578906
0.01589961879830441
0.2457101375083624
-0.07355071390132994
-0.6791504651084876
0.27894450600450726
0.3870719129411502
0.2450526044394563
-0.5743576384084625
-1.1296628737669125
0.44230439826914525
0.7853814830886692
-0.3227533997020819
-0.5766960803639875
0.10508321065984373
0.5676247766569629
0.6571343845212215
0.43830469150483725
-0.5564496119872675
-0.2601021607555603
-0.10255185524205811
-0.12300142698463667
-1.5562554419079018
-0.26968174614152773
-0.3547136361253645
0.23052335580976352
0.022225696292630538
-0.614416148654614
-1.3008539105039543
-0.26352640859627274
0.42389310432558397
0.4822825900407547
0.4308120462360867
0.6966856931112083
1.1164916850944198
-0.22953711495225865
0.25440157871790187
-0.42611124681048634
0.2302934432754823
-0.37578118093347973
0.7426314246447422
0.5265911645782457
-0.575398166928032
0.12875957043640812
0.19062229870239353
0.03523506088772326
0.3021328185005363
-0.33459217299297445
0.7594884608185228
0.9949673191846481
-0.05008322758031571
-0.592619153526563
-0.7515459474024755
-1.08986861201088
-0.7399871576451046
-0.747019967254219
-0.10292753290462128
-0.046154817130224984
0.2125380194272211
0.17171250163691945
0.031460113533064334
-0.45846792405643605
0.27879156206497746
0.1613637450747298
-0.2172293460314551
0.3097897938889846
-0.06798688508294326
0.5350373059189801
0.025286643670952645
0.5520523712262538
-0.428186384441464
-0.5692150176275707
0.06321092461338687
0.0409413519107202
0.12185867620652727
-0.28340754613036984
-0.4876094424508466
-0.20215418220970388
0.27334739411345865
0.35181199966531246
0.7382921649636278
0.5759725563054598
0.1792820866105584
0.571533298069719
0.6602077251135294
1.073211969809019
0.6522911820982993
0.6962496327203114
-0.8371122346233459
0.031562237246940184
-0.6537856227465004
-0.14688195677410884
0.26790230987544406
0.49115790462148284
-0.1391729439535555
-0.7763089873458123
-1.6710082291514379
-0.7778839156298952
-0.00479484279611507
-0.1407881840064983
0.11222726124714581
0.2701827445202024
-0.19590189511567666
-0.26096642786215146
-0.05292101463244683
0.15204487813358583
-0.04207234347650573
0.44905899527744947
0.2505668984532543
0.9656576363895445
0.953736650797398
0.9743462020446436
0.9209731944839697
-0.2128845026153769
-0.41604817549703665
-0.24640776205095702
0.004252501640349432
-0.29114558745985913
0.3185083467197648
0.5998360728586285
0.9173448661007915
1.0138430680139736
0.9955739235416515
0.9645037849468764
0.4311222775647878
0.8163764896828846
0.7963753722470863
0.6098030563110043
0.3861741281628657
0.42266876244801116
0.16130081384082445
0.2558938012167223
0.5265075775366984
-0.4001176103789508
-0.1804030209169785
0.13259991485009148
-0.4665033359538265
-0.4228631841626319
-0.4436303183407469
-0.24239719037824584
-0.7810534068094115
-0.3067613794261401
-0.049217881189840856
0.19907398957597927
0.16030550249536557
-0.26171396269636243
-0.16359632823112938
0.08029433905923541
-0.3930662796794457
-1.2139394029978972
-1.597390471976623
-1.0112860809908197
-0.819289375654647
-0.37485445581961974
-0.3228362782747616
-0.43456978301849847
-0.5376537061728279
-0.5866722727995725
-0.37374311845743036
-0.11645739704506869
0.0026275376727864673
0.3141566956641116
-0.09998288920320741
-0.10280295418380388
-0.09221531285353858
-0.3511748597194732
-0.22332752837913755
-0.6311813618828853
0.35344487217878395
0.49846377157750016
0.45968251503633567
0.510388151271539
0.5556276490355475
0.18747263233632883
0.4975208703795512
0.3824337424715263
0.5964923773515569
0.6988965387229213
0.4044295285194943
0.4413718321123873
0.45456976281393896
0.2704041589221791
-0.33311964975124064
-0.34614998666975905
-0.013406440728324127
-0.36789564929963475
-0.1838366577336974
-0.028975197307353543
-1.4266234463466323
-1.536582555973568
-2.0909764908170985
-2.3947061720270986
-2.32984031916368
-2.7548256298836105
-1.9444154882027502
-0.6319353791944949
0.1280682623678388
0.1738165001737333
0.37554273851404585
0.2787945584634825
0.3376662185536562
0.557790586642327
0.6233763994422903
0.44204038905285525
0.21583916941945844
0.23771671135454958
0.026347717063396652
0.35807259272077935
-0.1783460603617706
-0.1142043734798888
0.36942438571556
0.2537950758621449
0.15221907136426216
-0.5213497326169229
-0.16951413917817013
-0.05566975304746636
0.4192806562979853
0.4183675023309835
0.5089400710969063
0.6024026422334816
0.44973369369025307
0.37778071442986183
0.5537445826729647
0.47053235549287015
0.07026437885344827
-0.0031758959764945833
0.2662822101306374
-0.4332600951829683
-0.03689840837971554
-0.2673671052124181
0.01690727656848639
-0.6673587425345141
-0.2715605602610395
-0.30224810647520856
-0.7426191654648368
-0.3447501718311655
-1.2978607888423621
-1.7188146334071799
-1.3988725607918706
-1.7759929446559137
-1.4418170234881207
-1.4352283147792568
-2.412601385796845
-2.594193506987792
-2.6052193718320282
-2.987401549195131
-1.6888699603425195
-0.6195834084566108
0.06089743633987028
-1.3887122530115812
-0.48239205967752974
-1.3927320589689431
-1.7110097061205873
-0.5662289359593328
-1.9859923881989274
-1.3355391757125836
-0.5437273593825583
0.082496802669358
-0.1928073553002411
-0.5907097773290828
-0.3814775810768147
-1.2058873588199803
-1.1417169232822155
-0.9013958156227655
-0.6395094901602498
-0.8073237893870486
-0.37641761957078773
-0.07480759338346255
-0.001395493768340991
-0.1494563025711213
0.21281431981391477
0.4401017476781072
0.559537318662018
0.15002918145576657
0.07076446339001215
-0.09363928776481059
-0.15269674430111685
0.1386045553442682
-0.04449371972947959
-1.6682359990771554
-1.9300616049792192
-1.0838860724378456
-0.13823023785434238
-0.46199399151438675
-0.3982194922224939
0.26891281373088044
0.29379133115874
0.3449529991988132
0.495473315524148
0.39790385393675676
-0.6925979184844421
-1.3793517367906813
-0.29177269386297944
0.16291849511140616
-0.9050657928175355
-0.9166295677710592
-1.1722213061802726
-1.8635960462855026
-1.9720028956934286
-1.2586549910275877
-1.266546636317657
-1.1352754523903703
-0.9098182949330593
-0.5265385450655762
-0.1513940731120136
0.25113164041596575
-0.35976378565598305
-0.5261723314071423
-1.1436987214666643
-0.7362468273231755
-1.0989823246639203
0.022289930560996134
-0.09567994056425183
-0.629486054314149
0.08405375251698924
-1.1037055020193283
-0.18365817408110674
0.3865029686323267
-0.7196482198280254
-0.919316967384399
-0.57241063832386
-0.18011214431112718
-0.6201594627172745
-1.5225146954855315
-0.9565759707677409
-0.5414112287366992
-0.5949302419234389
-0.6689253961235729
-0.35367547348475875
-1.533574670948749
-1.9369389625515065
-2.552338849398865
-0.7940303841252649
-0.1439337082227917
0.26713988768356567
0.6059601871086758
0.001858730706138889
-1.1413398494508247
-2.1232921722332656
-2.4116256353672347
-3.0866975048059007
-1.691367674211889
-1.4056597868115053
-1.2025211342772006
-1.4114208173165184
-1.0945441923824286
-1.6738585053376094
-1.1561885612360894
-1.73087294717881
-1.5149178853258658
-0.3107942371109729
0.19265619634251738
-0.059704786100925444
-0.32157465071550406
0.1302481801990973
-0.8224380754831511
-0.28506408348183776
-0.19192324988928655
-0.6562682522329852
-1.1349470774141446
-1.391767881704738
-2.494695476439614
-2.2588723409322053
-2.3144329476707792
-2.30425560008242
-1.879485557289222
-1.212085541468147
-0.9705468199269455
-0.6123553653867763
-1.0015108822457328
-0.6731653389686398
-0.1254940790344175
0.1554055003902282
-0.945827827833098
-1.2201944926317314
-1.607103015498626
-1.883621905680261
-0.8021588717679048
-1.1108373436884857
-1.6272359110689685
-1.3190136402751513
-1.7625853203373725
-2.1018455517716585
-2.0312037417457867
-1.5859817271782084
-1.1891600001230938
-1.4915427098006548
-2.1580984218478303
-1.9803626145205893
-1.0169319368788414
-0.6997673689273579
-0.6515651762615319
-0.9136880985425975
-1.8071652163186944
-0.4843084770293362
-0.3103857515319808
-0.16297850766250332
-0.03074000536946683
-0.14826703025526847
0.18972873820766434
0.67571785725375
-0.05654546231596455
0.5272955391070006
0.8025262401324171
0.6806065023816342
1.192162242352386
1.4173699659461176
1.278709298869541
0.8987295968405106
0.9317339980814541
-0.2993126883002332
0.3753342075454956
-0.4222406613510812
0.47730882976869327
-0.1284219604343848
0.15760161069411915
0.4228452238448063
0.9060052626272487
0.6699471492163346
0.1844738140470587
-0.014461237215871121
-0.7745700587823867
-0.22690644703736024
0.6075519878780519
-0.01705155970051375
0.354052535435721
-0.09913400857474952
0.340119277289054
0.7392887508539784
0.802300211336249
0.6459897718486264
0.7655207293678603
0.6910408879097226
0.7925625350675327
0.40991155555034375
0.821581573308375
0.8623222821007701
0.6714346024021896
-0.6167388976880057
-1.2226115170517438
-1.7877157738264835
-0.6014849188056849
-0.7789701374792787
-0.5564175403186506
0.3130476447504849
0.4177157858398109
0.3314298158239593
0.6090729300393121
0.3762750767996901
1.1313230945063664
0.9527724593918775
0.4739944242879322
1.057188229532782
0.681155119134791
0.7268579447604022
0.9224805747937578
1.1284797931868535
0.846134066616257
0.44041156681128796
0.8031544574140199
-0.5154790584978264
0.15438055012741828
0.5816108057096796
0.7138058386762473
0.44843205129669156
0.39801650052028614
0.2551363097140942
0.34516935213274325
0.39992450217538067
0.5817368341103424
0.3086416135904117
0.9442194172634967
0.944333677959976
-0.28031903921640866
0.5512582794298982
-1.2161477077103762
-0.3335503212349284
0.42669951032628234
0.7059724473317163
0.6793280338395752
1.067675660542707
0.8518368181988807
0.0899893553287717
0.5306756213057245
1.0846622192936117
1.0954112608969266
0.7394896054164375
-0.2268534439510014
-0.831286720419136
-1.9296370769258486
-2.2432538362823395
-0.5030925044637572
0.6561576344227392
0.651261967346768
-0.8629672846300313
-2.24600477235794
-2.085711998248459
-1.0784146845816807
-0.8764553800696822
-0.7862022672340012
-0.6192539804053541
-0.7279669971734452
-0.49864992487049115
0.08948394156428073
-0.02247862688634624
0.11644576432095328
0.24244789478654552
0.23017090905926757
0.6050998962680091
0.27773543693939967
0.5343133797362848
0.8282472739009026
0.8263281034629766
0.8199813977319481
1.089006006683181
1.1555254914821944
1.0122418280491725
-0.18534068435326959
-0.09903927415741824
0.09448467013307708
-1.40197076542682
-1.992867791664613
-2.71827024640409
-3.363206635924777
-1.3755677210774997
-0.18448371062258448
0.3535807063165303
0.38647271291784474
0.5904185737812244
0.7457686829996776
0.6474257704059573
0.6394214036310077
0.5288200489634945
0.7498888872254019
0.7732175338273315
0.10232555719116437
-0.34967167360984674
-1.3704327105696672
-1.7509138673460345
-2.2411408839484697
-2.0700398459680214
-1.477714737255382
-1.1799816434245485
-0.9964763954135012
-1.9601760323674842
-1.2185590531558979
-0.30449248127861434
-0.00639947663814395
0.6866690964518859
0.28416221047105694
-0.06045943211197811
0.01622676667421307
-0.31383489285557997
-0.3422897661089346
-0.12233219204114665
0.31078896760034663
0.2962402119078508
0.3316153480105933
-0.03447849433295841
-0.8605348124459286
0.44324388172868334
0.6387518343987135
1.0084578166703393
1.2019740204684741
1.320209354540449
1.2794862419482935
1.366010437826723
1.1867536372332077
1.4946144306277376
1.3348723166330323
1.3780370316513288
1.4175682269362704
1.5510802133282293
1.382187745254088
1.4224304891215036
1.5906705208185787
1.7998417417263977
1.644552084612438
1.8193061947978044
1.9327543767179727
1.8251748629295073
1.2836631134816996
1.7296291832248227
1.5091467175639814
1.3402341548203385
1.4938501930220383
1.3792109430181858
1.5088787828072752
1.5852123068822845
1.7372871547991806
1.6548668791085075
2.0009372812034116
1.5446010460690462
0.9465205366284061
-0.1283962913693208
-1.9211607625890053
-2.51367573506273
-2.0722223315726134
-2.7600896794847887
-0.11268459688135153
0.7342670193104567
0.5118500302540469
0.20389828721221578
0.5533453491885465
0.6696998375866205
0.6304674439463459
0.7700871663770339
0.04557718803690617
0.14817008616859165
-0.10859379981176642
0.09686569253601648
0.5140806638488129
-0.38363227079270446
-0.6959762137437885
0.009592528010997355
0.6765132872812731
0.8732985392301955
0.2853163065871212
0.5216316364571183
0.46823369625730615
0.9724317666565415
1.020585537937765
1.286274605135463
1.2881737280586725
0.494642346391042
1.0076087036595458
1.5505855444541619
1.3575036476522946
1.0022035337807829
0.792569084367147
0.8507949124046897
1.087262639782753
0.9549439950990839
1.007531145555806
1.3152469268722307
1.174926998972607
1.2059183020972524
1.3191835885223395
1.3138728873729297
0.5974130175463115
0.684773667680027
1.13776102971669
-1.4391407892919938
-1.52673800499363
-1.220162971504412
-0.3821257159874511
-0.9246248650643436
0.04605642055856576
0.352657419811993
0.10593991844333475
0.9438549244754171
0.8487522476389525
1.2173515413964984
1.4800700580376287
1.4716851558318205
0.9471535161868019
0.5990726995598257
0.5644563545874892
-0.7967422171629749
-1.5986327596027892
-2.3661346988634055
-2.069407932375584
-0.1248972692494355
-2.034015267414112
-2.1950771965618254
-0.909809913847039
-0.7945942043400765
-1.7279957286605392
-3.0220813240554536
-2.1168745958604895
-1.2440338358641427
-0.8059696135696912
-0.15754132753868563
0.03831745982410163
-0.33806558398417097
-0.7794531047880273
-0.9546273706894493
-0.12673950147322746
0.37683379808500955
0.6594188411178461
0.9094810498424735
0.8648482671954821
0.9319576270766325
0.8310641644483922
0.9241257332366986
0.19916292932372653
0.46418041051463677
-0.42485407123875757
0.29155674742387727
0.4173002921945891
0.20261491406733054
0.5619210122307553
0.8678232063870285
0.9623313314348868
0.34668045398742503
1.043083731674466
0.7175054778945301
0.7317674005135206
0.12032249772275701
0.24080644038550728
0.14305669910992327
0.08093078448657465
0.048762958064063534
-1.4459153045607585
-1.0434623398524856
-1.8727063202882295
-2.4383773751604534
-1.3621491334329205
-0.8784915967418058
-0.7801879556076927
-2.4899104127410174
-0.8813971694486776
-1.2819396916368389
-2.499525793145429
-0.5488819320842862
-0.3108318523230169
-0.5872690084793653
-0.521246600046798
-1.2383242286844747
-1.1561667489102376
-0.05066017707620037
-1.0939122212334225
-1.460899865505969
-2.322045482604626
-1.636422662787076
-1.9571345030917633
-0.7093426470531888
-2.746624584174259
-1.048825183555182
-1.8824166272545366
-1.8913260650151351
-0.14104359785259943
0.9582548542451129
1.036588898856272
1.2381674659832644
0.9547853563198466
0.8596879333191403
-0.39673288241865917
-1.234355385013292
-0.7035669518275841
0.37611223943359495
0.8882380748180337
0.7285156810994067
-1.220546238881633
-0.5079795814454465
0.4096585437108624
0.6319986332821436
1.0437543601018036
0.9807787431588406
1.0811568319434006
1.1545879792893285
0.8864056794112125
1.13331019224486
0.8871129752515499
0.8990521122245391
0.9269369625624778
0.739539339882924
-0.7523967094515883
-0.22735127544544023
0.5552841572678652
0.9637439083852932
0.31399982753301103
-0.6355372338418569
-2.8718561174093478
-1.2416804688896639
-0.1894150334276081
-0.8118978859895302
0.47878976035255905
0.6389912411829811
0.49345737897024367
-0.1840205413491968
-0.32039000811592255
-0.2914476038645411
-0.7881495054566617
0.0470311740984692
0.7290835331349383
0.6534316977643947
0.39282117321127663
0.7295200515272658
0.8481737391871647
0.8510327827826333
0.3667204620822349
-0.7566257872927982
-0.3189273973526196
-1.4631316169460207
-2.161828962660843
-2.4936542406634987
-0.5684549618152076
-2.029333063707792
-0.28726194467505156
0.41715857790129346
0.800155358974853
0.7385154814588568
0.5235432826171775
0.580500797800512
-0.2961750472700626
0.4402691697288318
0.6737915497834223
0.2717554573290081
-1.1963056571866069
-0.5951895713904023
0.1759198781189948
-0.19688042271716913
-2.300622163953653
-0.7009468284555231
-1.4892775782299816
-0.4750976833054758
0.4537923346164587
1.2172122153726674
0.9507980641192755
0.7320582849451646
-1.1194487299531752
-0.5518866131947359
0.5327132695091689
0.05963643673783828
-2.075260967210512
-0.2278884196697416
-0.36553674057451613
-1.0682097492135054
0.3893372310429673
0.2608321959170762
-1.8638803185390158
-1.7574479615584642
-2.7759487262912392
-2.209309351317035
-0.7808875440247366
-1.1889099052179146
-0.890518014325299
-0.7669710478343962
-0.6603241620854116
-0.5743562778721611
-0.5618491549859042
-0.1753338009412513
-0.7958355831208713
0.2044137711594631
-0.006019562870949157
0.3364445006648056
0.37287282647347403
0.12834326324675754
-0.4957938500796772
-0.10662676687245713
-0.5537252696983658
-1.5289882184715926
-0.39307719923142126
-0.6330940256877831
-0.7593993482639281
-0.19765696015006953
-0.9564991895376083
-0.6430054739264869
-0.04680556761467417
0.6435814581525952
0.8190256905968153
0.894186097832153
0.6155373304058326
0.7382855485747581
0.015241720252494838
-0.22771544000627614
-0.15736263601559564
-0.5272548471696211
-0.5133403256517854
0.0073229739570248205
0.23376633966822072
0.03120325122126618
-0.5194818838019333
-0.42931629705209035
-1.813888285645518
-2.9198417092789093
-2.8246998963941867
-2.8633756528855496
-2.526538083075989
