0.4486272600009231
0.2752082707994318
0.08167929000414856
0.2452593228176625
0.38224873098155576
0.29942662285470206
-0.0018051787611960482
0.23340269683612996
0.10671017458095958
0.38467696502937154
-0.5049135052102359
-0.6203866665174256
-0.3250553344621864
0.17757305189598743
-0.15723378821351103
0.1892469533265024
0.3790781487046117
0.4760190941946332
0.4010915213851569
0.6666742674728013
0.6236552833136217
0.6382487188661643
0.8477194612589647
0.7805245714755724
0.861024242999921
0.6875280228502757
0.8425831396952368
0.5159324236862288
0.48172682465737665
0.34637728517877436
0.24543393796128868
0.670399908553263
0.4762559351882379
0.5240033290356648
0.5333171168451332
0.33985032446873153
0.6563318290049746
0.4439112174556817
0.4685686943345676
0.6289110788863462
0.6586586676314488
0.880377581777954
0.7189236004501275
0.37625105448715473
0.41982596623662105
0.1581140069583798
0.4041096020285251
0.5569003643274077
0.5331019549303467
0.4753093549153653
0.3039535997717484
0.22373415773581065
-0.10662900991874472
0.4193257408722486
0.10223733468343486
0.33379963669578555
0.31008738050263207
0.18566670878831784
0.7305889153993779
0.6625035909546542
0.6985395297638637
0.1425843348715054
0.05172336233013487
0.11654827697225795
0.2728432082758814
-0.024638136706444567
0.017368926481963587
-0.1997736038359815
-0.47796845752903516
-0.2582490281744668
-0.0038201547620704476
-0.31876370353887695
0.029927661384950534
0.016007505239812925
0.560660766637787
-0.11832033394028929
0.29494874386932296
0.5724307617235146
0.7182187026686502
0.6310855308061107
0.6530936368177853
0.8386332648497736
0.7546246471035536
0.46926148985639504
0.7890950302918198
0.9724322697770786
1.0907216042727186
0.9773698428791079
0.9308649488534912
1.037556315663194
1.1506522923480405
0.9954865878279551
0.7561428253923113
0.9109972035577901
0.27416139134112166
0.3414089585854049
0.5315805188382006
0.6927545335124407
0.6618533873554042
0.6574342659791438
0.7721657920567166
0.6583589887128793
0.7842865686814597
0.6917741418694505
0.707448213049472
1.0023891330934904
1.2219491293600784
1.252792879969585
1.1674415611932263
0.9726602521125935
0.9623146808904597
0.8816562432519751
1.0317429955623607
-0.05408463270036051
-0.3391970544339299
-0.27524812840919927
-0.20527334184852394
-0.19427459116818396
0.04601031138512517
0.2139488731095479
0.15667820107467811
-0.055461478809362044
-0.2063759630963605
0.20551138082933895
0.16784585406512675
0.18868487222549124
0.42909973606169993
0.5635981826523584
0.6678569480663219
0.45602078039001254
0.9196175627269144
1.227959513718183
1.1270659190534964
1.016516281197263
1.0313824415393262
1.2152666986306655
0.8088573969935993
0.705101795146384
1.1563299116330887
0.672354540711368
0.9713793624948615
-0.9681817695434711
-1.270326921575243
0.23912213277778416
0.7829213605544116
-1.3022999432754632
0.6775978382221323
0.3351886459989186
0.7877490314326465
-2.3330001019944273
-2.618491080878791
-1.5122443105704138
-1.041170462789788
-1.92217362428703
-1.6932797819602958
-2.514557789319212
-1.9729838254689795
-1.6634042628364847
-1.44382534475471
-2.4407879516628124
-2.9804437144503426
-1.6935336414833497
-0.862229423823464
-0.2236693350465654
-0.1639306503833622
0.2930312861934861
0.6261186715670628
0.52918814959916
0.7523531912881136
0.8342006280464445
1.0539911535107156
0.8058373594041011
0.3337749019902204
1.0177677042854376
1.1852216551310653
0.9887878778223498
1.0177781227794434
1.2518182428988331
0.4989638986232746
0.9455303341990656
0.6535681734157534
0.9538551041345914
1.0449874652043571
0.03002298647137655
0.6558903959622087
0.7985285465636889
0.9312427229584761
0.16258163881095855
0.6506643973349826
0.49645331487325894
0.5905874226501593
0.880585307834391
0.8439597899140636
0.487468019384555
0.6354747763238866
0.24225448193404456
0.10275571420453677
0.33974464560041223
-0.706755832649242
0.12462806667359377
-0.2864590708006602
0.1542410542229909
0.2727859497992197
-0.35345824263171605
-0.38716896110925214
0.011978277446822803
-0.22620048993057856
-0.06306858671087219
-0.4831709744049969
-0.9470228610221103
-2.536180588636247
-1.1127431684606386
-0.2836819761735166
0.08693528330859299
-0.179425534588175
0.23358269928016484
0.3562260976096915
0.3720198350469408
0.5236135776770907
0.37555578308707327
0.6626551542345334
0.8640043143067844
-0.23369778882323264
-2.484930984306759
-0.5611660504190068
0.5706388491515644
0.25883712962844796
0.8472039931028721
0.5172683537763305
0.13985961878224767
0.039563034391291774
-1.1739748091445776
-2.0863528779379066
-1.564578505432685
-0.8514926641620818
-0.8262875427631977
-0.7204465672705314
-0.0013910118504837886
-0.08016482496376827
-0.04582819250171854
0.31952918789766016
0.38700566751653587
-0.7646976089615436
-2.144824211702656
-2.147040352758555
-1.3203961455513524
-0.9790779752376277
-0.6020923304607879
-0.7580909030332402
-0.20428820150638904
0.36059509943869433
0.7171817254064682
0.2284534480667994
0.15666552776881165
-0.9609329491789731
-0.0547649775784012
0.3127104214194588
0.6408006921498539
-0.35842752165730285
0.2204320305405844
0.17211496319060354
0.32143627154239157
0.7643150247096899
0.18531463906432327
-0.04108734934940724
0.971741136234345
1.042115524317718
0.49472821324142957
0.466060913951845
-0.31347925422519224
0.33832142332815107
-0.24602908396103101
0.03284715675530243
-0.06829444874678059
-0.22034353324376263
-0.6652330553142967
0.0034069613654043214
-0.5085876380085134
-0.761974387700916
-1.0830135093393578
-0.57798080782561
-0.9626877245935667
-0.8585325183454251
-1.125370166901225
-0.8122737541338394
-1.0615730076522036
-0.6435259677328373
-0.056992349770691425
0.10201292952519507
-1.2124473317077102
-0.5432517843246828
-0.6398963466395708
-0.040770738416640244
0.5026223865441795
0.05053040540481661
0.1866695349913698
0.21907474404003754
0.7030036298147795
0.760485925184377
0.7426555483373202
0.35137626302850433
0.6613180528269342
0.010081528300150605
-0.8258954750570888
-1.585860667079284
-2.4668360940913185
-1.1489695815809648
-2.6976779810618945
-0.4409747082812764
-2.6576630570826074
-1.565097429098486
-0.4560516239443308
-0.6769071603268311
-0.24702745579055668
0.10208194554243163
0.14222154425549857
0.3971249104026296
0.5716362222605824
0.4562916871116287
0.2665941757528581
0.27255136897802795
0.43769575838828706
0.682674647721631
0.7896319661539314
0.8825427007905823
0.4123602250257823
-2.4511414502230053
-0.39564038832769566
0.36036580198862767
-2.5895564693959483
-0.06452783998208689
0.2796055583743722
0.2512849536257845
0.17415866540070146
-0.14023504593678499
-0.2057803423138317
0.04990211803833815
0.2671709534312105
0.41392041854476314
0.2514162227054346
0.25680047713957743
0.060464378841484014
0.5233771413562377
0.7956446853017274
0.3671960954406519
0.6773088611612502
0.8212814168461824
0.3256671360163985
0.39154264819205065
0.24534445916040115
0.2656633575326115
0.03593681203415174
0.3264450717250986
0.6225910317252623
-0.7463366215466215
-0.4182151347499363
0.23832639013912063
-0.4020600525441839
-0.06313238412477837
0.9826773238355448
1.144425949026534
-0.45220364319422035
0.1731219932417173
0.7259647436423944
0.3409404527626365
0.9315891596372057
0.7767586231755488
0.403353803329942
0.007629073514381153
0.7187928766435916
1.5977660905402862
0.2696666337389805
0.40057611936366944
0.710501206794873
0.7097946928504774
1.063563989117659
0.778828291653288
1.194516318649241
0.9253838473646525
0.1676473944087143
-0.24360603020537624
0.34921218497989764
0.5977037686347682
0.7973546320379541
0.7260833301957803
0.2887105227502241
0.64535540980028
0.9901919221584514
0.6652734041855266
0.775217674594634
0.7337493039061256
0.35776393114974636
0.5988844252746092
0.4665116718406094
0.6784074753186602
-0.327151981758925
0.30876271274607253
0.6166774905908567
0.7244531178750655
0.4946414234723687
0.08501922868907401
-0.6867729938345956
-0.190633977685209
0.27693219069505864
0.5687770528237056
-0.19542127797442332
0.11774477482504295
0.019211114730765817
-0.3193198681238904
-1.8265495352413579
-1.195497668471497
-0.46976816092302537
0.06329132366092528
0.29643740207341795
-0.046177786530069855
-0.5324789449817275
-0.4883377525277292
-0.15086901657266655
-0.23604794056497255
-1.9090214476237184
-0.524945259373413
0.21390436926923007
0.04513630009104114
-1.3360328195182372
-1.2113262332996186
-1.3426854655566647
-0.9836179730600135
-0.7178656069793031
-0.9787802594512272
-1.4815093819206282
-1.8919330841249533
-2.4338851615243278
-1.5616548288090484
-0.8860701912703736
-0.39747624458303
-0.00043284868476806126
-0.3863690453959573
-0.48573040052966054
-1.1277146694420481
-0.7595397621424824
-0.061806594351271796
-0.7326750962856705
-0.6244344580850768
-0.17172918163001802
0.023374143282127516
0.3863362179854832
0.20984245970947907
-0.584345682517325
-0.11209162002925616
0.3979275059990577
0.7368446672945614
0.8420661501638944
0.8114247923293645
0.6980766654921037
0.6523390251817076
0.8311735229036726
0.3803806619181993
0.6568514173432778
0.46541721665484476
0.30693445211847603
-1.1892261885691449
-1.8698798577102966
-1.2627830300474554
-1.3384169148437453
-1.79071921008592
-0.7430263192296045
-0.09279465800626102
-0.8194142734565085
-0.6099964375570079
-0.7342794739206429
-0.7040841256167072
-2.2620600858941766
-1.3849474888471955
-0.7178218514507397
-0.11208475264715995
-0.3009736383112175
-1.6154022453776709
-1.3051448114673325
-1.1163257877963095
-2.1188721481548862
-2.213868567541272
-1.4363993079521977
-2.42809604764758
-2.56234651779834
-1.2271692746528908
0.0375167899361937
0.23073508997155476
-0.006337586659047524
-0.30670237866853556
0.24551630359927368
-0.31700096586206195
-0.055835401038281905
0.5501132269699631
0.49736831407199156
0.4109214103534746
0.7039056377496036
0.38300954799771947
0.48771353906241904
0.4658231274797259
0.3415094058038345
0.46636330911427815
0.038949900242937235
-2.0628793581572547
-0.903734659918305
-0.6161525939800963
-0.0895113143631278
-0.028645341786676992
-1.1053928401715423
-0.6865441364942568
0.22937482770955922
-0.1924186839983434
0.5174792013182559
0.8638169018682138
-0.4120143206097591
0.7036875985064166
0.7940526684319185
0.9901798173863592
1.1253019424272466
1.1217731452795103
1.1559451273497285
0.8651698123447549
0.9382972924302695
0.434446224626286
-0.4357784306063657
-1.6830695885082694
-0.7683379872622783
0.232137628216864
0.6577272345049727
-1.9690585119066206
-0.7377279773224183
-0.4770079907023021
0.07684192543183271
0.4057000400685692
0.36419901822730916
-1.8893971098122615
-2.436753775386916
-0.5028546632009852
-1.6894328751476901
-1.116413244248875
-1.881447334752111
-2.887795321470814
-0.9662736513629062
-0.5245968467257176
-1.0072786778768656
-0.3344056608524636
0.43862081545199905
0.46811540750581404
-0.032853340192933705
0.43699665902013635
0.5434339401295237
-1.5294000392031393
-0.48593942788470246
-0.13005271151574055
-0.36165385550363927
-0.6014120372276355
-2.2384634088067092
-2.545410700305963
-1.7173062853836423
-0.9615724857953384
-0.7966016502399746
-0.2389995732034
-0.3920082544238661
-2.303683837891334
-1.2372855699946639
-0.31396057094416313
-0.08795935754946779
0.17033227907864731
0.32976640984530425
-0.28677492540852934
-1.166035353668669
-0.869393793561553
0.27377106676276164
0.48638504270845784
0.2615087481428786
0.38632650831870646
-0.24424844515485788
0.15669725698437154
0.057279071756388064
0.05612728553407081
-0.13380246669672083
-0.45151442614964565
-1.5671248401610698
-2.1259296392414235
-2.549237780043949
-2.473927822158501
-1.2577061471096942
-0.7981294094752837
-1.7748954291509724
-2.0974626248122026
-1.156379111239211
-1.9057007743220777
-2.160755886522427
-1.9327211439319782
-2.3505530635741017
-1.7898818684003621
-0.12042272937073677
-0.9530380899185525
-0.34332974836698604
-0.20568895972397516
-0.9631350178408786
0.3136783379704985
-0.006927499379047068
0.3557915133092606
0.9115734432445699
0.924628777129869
0.3773886605102814
-0.22446912382421358
-1.1713088290560623
-0.46256987891403434
0.06827298655859787
0.19899371687829134
0.040065417923133055
-0.3595290536820044
-1.070386985950397
-2.1618778233004377
-0.8679901634428595
-1.0262524957248256
-1.0837931095716113
-0.8542364917176528
-1.5692586508285873
-2.4415823400113794
-2.7160917369003195
-1.4727613456523996
-0.9740164798492591
-1.032648614231427
-1.8664545348506336
-1.4511958081831438
-2.0982141517573902
-2.0366924335570102
-2.166130941384539
-1.273422318512486
-1.3221493652665515
-1.7018145986850948
-1.70039007828457
-1.849120637431805
-0.8445484514997921
-0.17566154985613114
0.2630955003678769
0.24743165294667246
0.1483115593511821
0.2544098033628954
0.2103907564480566
0.11018292435209122
0.26846992357722727
-0.7431271520076638
-2.9020840445454663
-1.3979113160547407
-0.47355162457517547
-1.0399543760903573
-0.8653615996593508
-0.8105208701671273
-0.3389267761015399
-0.8798113003808582
-1.2544167446153756
-1.3808325384087943
-1.9143168676237907
-2.7642266629896652
-2.6662702296717873
-1.8657113838091546
-1.0425647058406793
-0.5824224234375539
0.01896387708145173
-0.17379982101468228
-0.014617614291417738
0.07022937003152131
-0.6360976086799276
-0.02696181185698144
-0.25091139657468275
0.43566124482912894
0.02796482697390398
0.5423377238842407
-0.15674894397283168
0.44684207944802556
0.5485318710167477
-0.12472529303648869
0.16345505803705715
0.33674446077828
0.45424904702597513
-0.46907796895673326
-0.12765259624662936
0.2295016916945941
0.33428434721936384
0.41836077138941735
0.4157966119215127
0.18753184626964425
-0.24764979723370215
-0.37834965111252106
-0.4206544086901604
-0.3233703910388936
-0.1847269613334181
0.3503179187043331
0.4640199439249014
-0.2969086875455944
-0.5231008797509502
-2.0102561924133195
-0.0005645490788788662
-0.34016166192689756
0.18801547988450185
0.16200343491334662
0.17910416319877526
-0.6369952260779702
-0.8668859847781355
-0.8786050502825078
-0.20804594229315548
-0.455899921745929
-0.2304700448540403
0.03332795142252795
0.31731472163422236
0.3273141240068249
0.23536280328800868
0.2841667992737837
0.14665495458464706
0.19279212076389002
-0.005743485672238665
0.26781899410972676
0.22984815687235788
0.32271340257597236
0.19103815301057367
-0.2782262028120507
0.15965286304145937
0.333985571505684
0.18298367947445934
0.12562366084719445
-0.06414150258925833
0.3400128980116287
-0.22164423060146077
0.05090625047158602
0.2088999425366339
0.1481432349029853
-1.0011350018630396
-0.40566758695561494
-0.43171414334280345
-0.057252978829521774
-0.010532317374941855
-0.05937917715568856
-0.028988104080229306
0.006518080484842013
-0.10639665391820904
-0.5730442484353822
-0.730479700992569
-0.3873678480085007
-1.3838131064985106
-0.3312555712239298
0.3545772175573686
0.3264637602401314
-0.2557308083885602
-0.5812981157528145
-1.2467461639365853
-0.6162706709675239
-0.19974609384476
0.05373600726107565
-0.12731829744059991
0.09031806659053296
-0.5425104940426456
-2.485273899408207
-1.647952316001133
-0.7912112818889345
-0.04982583770730139
-0.019944931111823258
0.31562600175004724
0.13213216205875775
-0.2466435771346791
-0.2236499393410349
-0.02236332824195146
0.14538721741423133
0.013423070167810882
-0.6562629782292775
-1.2433783150093476
-0.387860369264405
-0.4743980898058604
0.05681536058430883
0.0070782803778772635
-0.37856458674393684
-0.20280867723567877
-0.28236748851469673
-2.092071319433259
-2.530653814482834
-1.6118909553442509
-0.21979765273361818
-0.0723604296233231
-0.29814131842811015
0.2197157570444028
0.35641908053213694
0.4701045354495703
0.08376984257451864
-0.4572735232074872
-0.5621390409665509
-0.2291384041927554
-0.7913304589335979
-2.3201371918447222
-1.150063133409489
-1.223876348992015
-0.9889056959334682
-1.7692138265485167
-2.430001319888012
-1.9443639630770815
-2.4270059814006135
-2.3631678727601715
-1.4033620424841575
-0.3123435188970622
0.05570286635846475
0.11240986739671208
0.2645716210015552
0.2322089933732296
0.12409434760660515
-0.7495879352011712
-0.7240254685558668
-0.2575835333145021
-0.08890329814635935
-0.40053696939294126
-1.5612189669204128
-1.060246252438068
-0.16488657173064517
0.15369909165446433
0.4140061890392214
0.4238116443718505
0.23455087602128544
0.48572899570227646
0.7051373212689438
0.8594497106875789
0.7983435848760219
0.3509751575466295
0.6031679525859169
0.7418946529861453
0.8902724948558305
0.07169101089244312
0.28002932697923044
0.38362269056186926
0.40027514914186413
0.3434213483136809
0.23657803060492638
0.0893512698044401
0.38307803396765794
0.35939121220713566
0.08779975166531435
0.46633435012982766
-0.1474707798308221
0.1707241351422789
0.11352057012788087
-0.059120109905694045
0.29408458371061796
0.4678323896373577
0.4881872695590723
0.10904150994094806
-0.3849932860424121
-0.1287547767231028
-0.662478032291062
-2.1940183401453206
-2.495878052858037
-1.003965006746415
-1.335139320982826
-2.54304427165679
-2.6481729669220013
-1.0626736508952725
-0.20735845784306178
-0.3445961625748961
0.01950898297797907
0.23839525219324828
0.1372662277029197
0.16277081103075663
-0.9083246677933103
-0.9169105446159274
-0.2085459859296722
-0.10528631508882662
-0.2780878161581061
-0.14472289038241698
-0.49468125130219764
0.010817226297890266
0.022245862521260366
-0.8279463248802508
-1.8815197240256907
-1.0107995341337346
0.28963848592956026
0.016715083466283923
0.1300543551258414
0.36530007201907067
0.6899387441129897
0.18369187224745373
-1.2318126120261146
-0.5096947703965328
-0.10449531158919942
-1.337492463058445
-0.2961598102750552
0.0985745591032375
-0.05883961739357898
0.17214635650729337
0.08312454779975385
0.11541184433077369
0.15752558789262466
0.30399899490646654
0.09460920717392202
0.04887049856132347
0.333637264966081
-0.0679208676758067
0.04372084991320108
-0.2253019134571393
0.009322259483327797
0.05288989651137164
-1.4956053495491142
-2.577818407915837
-2.460062669884535
-1.0967870035334322
-1.2897329214665376
-0.25401520989175347
-0.26761161719638793
0.2213522723210439
0.04319981216420815
0.16020535194428223
-0.09845918705133457
0.04685492219729294
0.024678896100555674
0.08896918170425896
-1.0038530178768925
-0.48838634062174857
-0.4576617805634149
-1.1730614840977331
-2.0597373652256596
-0.8859785753574384
-0.24948064672014356
-0.8583683535630406
-0.6320903491324379
-1.8621239043698696
-2.411386805386508
-1.318702603131035
-0.48412455569986357
-0.5091766449190952
-0.1711846537729172
-0.5113987782579071
-0.37210108559375965
-0.21164298697004677
0.04107983795658067
0.12161861927533614
0.23507690820111574
-1.016814169143814
-0.36478925277842855
0.16244008741853078
0.16398720130113517
0.18890008890785182
-0.1680868603506918
-0.40167992436354205
-0.5312600229568197
-0.7999053305132924
-0.5067334683455025
-0.4108961599359088
-0.4018744474444646
-0.6004347577899884
-0.262312764167083
-0.18397686991908285
0.2597475622062731
0.7571150233617052
0.7372870096098556
0.7339943774944693
0.5559518566720887
0.8045690522149117
0.485345019846896
0.13483178779237767
0.031854780782212065
0.03215789393975315
-0.6622338292403893
0.0633588773516034
-0.01716780669287763
0.06713960693469043
0.43575051977562274
0.5453752970690895
-1.458545064392239
-1.545219113356356
-0.14554206070213963
-1.0854106026035908
-1.1398166820998559
-0.6960690553602076
-1.0727883863386616
-0.8271939510765176
-0.3688273783439201
-0.12105525877732201
-0.23805175209637458
-0.5574309969885165
-0.84259839388093
-0.5193812967229621
-1.7939427801057066
-2.5389894048004793
-1.4968641937294247
-0.395409735388996
0.17045146026593438
0.003996944722584359
0.14981011888867282
0.18758253704209443
0.46001644570233585
0.36375490991363946
-0.2242344115377644
-1.2455539256388604
-0.2527753474957689
0.3838726685100482
0.15416450921094504
0.010125117885166499
-0.8085941085944179
-0.31293631266932054
-0.36821084448681585
0.04726325128815741
0.3110708557202893
0.07797425079827797
0.44209355232000513
0.2905538957561876
0.18837880556378334
-0.13077727400377548
-0.4350290773656811
-0.4493367481735593
-0.5847269630377931
-0.09772475060782278
0.06458040251087742
0.3653421296085493
0.10547024085831522
0.3855300563804014
0.8580708752740428
1.1509853775694228
0.8142942396053583
1.0462528945786589
1.1672124859787292
-0.4006778454519464
0.482312011399906
0.5257084139977333
0.5239938804093773
0.33167976719972264
0.11319406668138698
0.39601903086958307
0.14336833363079698
-0.23220181269384116
-0.3693783075285386
0.07038865598285127
-2.351288349614329
-1.5538528566749057
-0.30523371178847325
-0.1382280256595347
0.32958042983672964
0.39814189353616347
0.5272697030635302
-0.9811806991356914
-2.4907204696070746
-0.8056384857184072
-1.5420999669579358
-1.6150326973771154
-0.39816436172275105
0.25163783239320653
0.5521088666408399
0.4399154829185392
0.24323594509749238
-0.5523478551745474
-0.016492945582516995
0.330004072152882
0.3234451603485261
0.20400181853885854
0.516734775255683
0.7310736318304734
0.3137565188020368
-0.2592591794236151
0.24743431737007332
-1.0488416426550922
0.08955028784874068
0.2176681844091249
-0.11665664407530987
-0.5215367675864413
0.48837698669931584
0.4812840880523247
0.2483925712462967
-0.5807689229910816
-1.196643601204363
0.4716752068496166
0.8862244278527538
-0.2034363808862803
-0.40044250727273945
0.24777870586396225
0.5579729581522951
0.7015689708861643
0.5847740412097819
-0.5403671988524188
-0.31153453853949076
-0.19841987617626275
-0.2307093527078898
-1.531753083113317
-0.19812568447032344
-0.3476852550476181
0.28868677142380883
0.0012306450301276407
-0.4354859703177796
-1.0382451209778187
-0.2964690529830962
0.5110879915276304
0.4746123291277399
0.47428295585466196
0.67930303898092
0.9937198490881288
-0.23890953710295082
0.3638245417976171
-0.3568192805500493
0.24126879897037523
-0.3561048353997327
0.7200713047419011
0.583023700275193
-0.41916567825162654
0.23885980534166884
0.3221853910719387
0.11835221517029385
0.344990928324007
-0.2434881366348197
0.658988514004996
1.0089511834329299
0.21399861258630823
-0.501065119474137
-0.7135874020382745
-0.8774400887422373
-0.4806556743720195
-0.5722755225346801
-0.008197007454264549
0.0036959794908003954
0.21172184173555658
0.08746029538270848
-0.007858053060076758
-0.4384055791965644
0.2790558204523951
0.1703340340645632
-0.240843727289478
0.31579700490349094
0.015191712149409689
0.5905583001920961
0.12095114450670967
0.7176435302871033
-0.27872180122593027
-0.45426446070328014
0.039380320299317095
0.009608957558034238
0.057670753235592634
-0.26626998105530764
-0.4457546534322042
-0.07959887914186115
0.3362949389966208
0.28625552620249156
0.631679157511208
0.6602875452513268
0.3741583128284048
0.7122713214842472
0.7416821039774057
1.0542350997982413
0.6230744736035745
0.8540254076632678
-0.7540793205080458
0.09227404683213809
-0.6492527882083953
-0.21887689372495325
0.24993324409442383
0.411461049843805
-0.08780075229303488
-0.5842028027720054
-1.3349341064486078
-0.528662071801136
0.12439603212879571
0.03202905660444932
0.2737744742564765
0.40472606201742556
-0.052789448704751954
-0.12333560665496913
0.07851279043594923
0.28693234217535907
-0.26768460057406174
0.4006277800599955
0.26573867470359247
1.0937873580919386
0.9541036221991127
0.9922513375809987
0.921194522769023
-0.12858999607814797
-0.27986340666823434
-0.314843031784741
-0.05718557780829007
-0.26462305135594016
0.3761877854478982
0.6360166634020054
0.9823418292284725
1.1305959276802828
1.1324812931116652
1.0506724222431068
0.5072064238040228
0.9548146506794719
0.9838031651405276
0.7552211671502376
0.48244853664911
0.5316466937555948
0.30316524175740656
0.3766941321527353
0.601567629341278
-0.4686659007562559
-0.19632815335848144
0.21001362149463104
-0.4926690508394937
-0.44515087915242113
-0.5692012772157888
-0.27113210521014347
-0.689748368061695
-0.22921526462387234
-0.16785239051229522
0.2164567909033363
0.17321948037003917
-0.26959209721263067
-0.23142797109823787
0.13397549324401148
-0.3391486554560856
-1.188453130584621
-1.4955600029760547
-1.0886166150146217
-0.8324824093293235
-0.4969260568346785
-0.39466619355550847
-0.5694295156632867
-0.426532110502314
-0.5693141313826424
-0.3862576707711267
-0.017031619909212495
0.13442339446112683
0.32472862149286674
-0.10403573239235628
-0.02129478358736359
-0.02121917018639508
-0.20141698732428245
-0.17333844107379973
-0.5656817392701434
0.41780535359681054
0.5829776655958789
0.47386358052039645
0.5704248227404993
0.4658352264019009
0.3184975778459457
0.43477197625576186
0.42915622895281763
0.6756533640465194
0.7862063185122999
0.49357424113312426
0.5043825370833948
0.5701582367470613
0.3786964447142968
-0.20041417304929146
-0.2930414819683649
0.015161242876997875
-0.3856586287962255
-0.24026434931784635
-0.13365014498418806
-1.3136461105586392
-1.0999009748195632
-1.9562136368806433
-2.0944567608108597
-2.0145483535871476
-2.387822758799243
-1.7737742080863232
-0.4959346239598016
0.16558889422081044
0.20573571629092163
0.34669835928361836
0.23872239699297654
0.3234530009293261
0.5838938877271154
0.6749982091419336
0.4696036860313697
0.3270161740827702
0.3345263281598559
0.06051671084509571
0.26096680171976133
-0.20702466954630638
-0.2616138862979336
0.2879747942300617
0.2995341723740524
0.21640551155995535
-0.6376364897740949
-0.22073358867023998
-0.0943966760456464
0.3661404272049023
0.33202811490612305
0.3798212318297267
0.49888504039792086
0.3900907660973239
0.20768782407528974
0.4943901119484657
0.4241469542409151
0.08270938820832438
-0.030191020214978735
0.2692767890076241
-0.6217409597434504
-0.14539940847789928
-0.2932393934828424
-0.19848441736361783
-0.7387282308400713
-0.5231938558334852
-0.33304528885283824
-0.9627018756822552
-0.2924174249339594
-1.2669729235226674
-1.8972903439641362
-1.3358298244940763
-1.9029289781678607
-1.503222103264494
-1.4268913936089507
-2.6107462891700806
-2.63177362465145
-2.6282503088502325
-2.869051406587954
-1.7538576588325054
-0.892268246221302
-0.11126454585397721
-1.5494379164102225
-0.6740663191479028
-1.8870556653681987
-1.8976846042639535
-0.7876448661190393
-2.2109993505773504
-1.5141126180248927
-0.924218479198421
-0.002721230513140084
-0.5756763459531808
-0.9727672912505667
-0.7940739163028359
-1.5182313044140043
-1.421114573249308
-1.2430874247053838
-0.7689533770429594
-0.9195221721363402
-0.41276312359420875
-0.23893570770284484
-0.23494959607124516
-0.24316006848456975
0.16361274083164007
0.5119373831776564
0.5351602207497879
-0.028847597037990343
-0.03780652222601152
-0.1024905430296244
-0.2119718957354132
-0.03964906818384296
-0.14496974885228425
-1.8364323066287893
-1.8536765270248545
-1.0712335122145769
-0.3311755220482293
-0.505984224121413
-0.4269793744316473
0.13789007739243803
0.15653871553407633
0.28623159706331136
0.4785175711527264
0.30501831521783024
-0.777705573835855
-1.3587111284590168
-0.3088601981628168
-0.03706643913021007
-0.9394671552133305
-0.8152442858976657
-1.1844669911207983
-2.195392683403167
-2.0498530973073557
-1.3008187620239071
-1.2589017064417403
-1.2544459904470986
-0.9429296451066731
-0.6021859807491208
-0.17075222596761455
0.11428932245720241
-0.39337283515776755
-0.7464135764069353
-1.3597407778893844
-0.757135962025272
-1.1309882594002016
-0.06545463390927131
-0.0906497669166748
-0.8240977977091664
-0.004253840594574521
-1.0705294085830488
-0.21644858080686996
0.369114917314481
-0.9373044346341681
-1.0581188078966075
-0.5789330577485634
-0.18481104546429258
-0.8454435620982959
-1.689566552326762
-1.007356224023992
-0.7248988806900164
-0.8230827666867758
-0.9830355990260625
-0.5954159079815082
-1.5070250215446286
-1.8799510814959857
-2.528563112644621
-0.726783683552184
-0.12444758470924586
0.3039840342584714
0.7027387074026282
0.1216783516703508
-1.1440236603672633
-2.2880009289405976
-2.2853220860007655
-2.8016593355707746
-1.4627536498710443
-1.568270694359801
-1.3468152638868167
-1.506786399695866
-1.0767742099013355
-1.772259256375785
-1.084660551235278
-1.7216988696704982
-1.4903865179505287
-0.22451827289688397
0.22294089641865766
-0.054204639415687025
-0.4491729354714901
0.08606221251430325
-0.7956290049851178
-0.38759313786819133
-0.22666477196964413
-0.5645298090808925
-1.0411537184925417
-1.1581368055934793
-2.473627014880056
-2.1343005822532337
-2.3337082768099573
-2.37734063230458
-1.847925305429421
-1.1684681391421854
-0.9571395782459896
-0.4989590013494861
-0.9923388630734655
-0.676198399494162
-0.1503170812440878
0.1716400093830634
-1.1887148851957643
-1.4596067913891648
-1.8955825599611318
-2.1145049961640585
-1.1254751901732714
-1.5965118901883195
-2.078241695298348
-1.7173869450178478
-2.0546121658509433
-2.2068930888903506
-2.0373695567130827
-1.8481160309799147
-1.544785680846469
-1.7549450292446012
-2.2033010786529204
-1.9615096720518352
-1.4166276339657091
-0.8373194144859877
-0.5888888713471745
-0.9323166587925122
-1.7191299383721448
-0.28781818397666536
-0.17630206866901088
-0.04360225971932109
0.08594922706437394
-0.21850853562235467
0.19520318666719563
0.5605807603115207
-0.27659620358312187
0.29368185933340235
0.7443915824675292
0.5876053518099817
0.9383542051414491
1.202760011951097
1.1180095901402285
0.6330092486135754
0.6956593344491665
-0.3625696497594506
0.3067859594026882
-0.5969709323119798
0.38450554484122945
-0.31982649221099835
-0.09319866386231573
0.27335811487998973
0.6485212896606176
0.4784854327478633
-0.1039993373597374
-0.29624296206195194
-0.8927338713386089
-0.36828504271117546
0.47073434001977066
-0.1015030889788201
0.11884247728392379
-0.2852487945911598
0.20137278117951551
0.5811713698965257
0.5278526821985507
0.531466450225446
0.590839156017599
0.5763885348596561
0.6112720745438989
0.1878153480287407
0.6048112822376567
0.6179903306927639
0.573833948581383
-0.7546811885723939
-1.375574686175359
-1.6317928841960831
-0.5809005811452373
-0.8594648770828134
-0.41412467591882673
0.28818525374428555
0.42503552996025545
0.31107005956965633
0.526833634725081
0.08862865187534805
1.004066778385853
0.916792083611869
0.3963027484416855
1.0415445332955162
0.5334488394395249
0.6188130672160946
0.7494189925561654
1.1557411686068995
0.8273525231332002
0.3614271792417267
0.6646348853211137
-0.5415759374313813
0.11951804362066322
0.5120232318043784
0.6193500323625191
0.4031699823328244
0.41622036622677183
0.19404617755776082
0.3944550843508019
0.30699389318088965
0.368602278314462
0.272968312123605
0.7800251119577837
0.9391111343944549
-0.3098549978178118
0.6019265164760839
-1.1412602433749017
-0.337590845190346
0.3736171834065979
0.7911371167237022
0.7508532308254805
1.0096217974200845
0.8133778879034802
-0.13058633635059466
0.42473907743898776
1.159674632148573
1.2152600088079004
0.7701711161307334
-0.3145786195431681
-0.8791237579218265
-1.9248875077125749
-2.284299427411659
-0.41493827784040294
0.7104610850786334
0.7188381562157056
-0.9774342315467741
-2.4104702708377337
-1.7548206981774503
-0.5123099630337227
-0.45571886884520685
-0.4215492112128323
-0.2341136102527271
-0.5776347064470736
-0.13173752617712609
0.554484550597567
0.28671648718502396
0.5147022985690619
0.35939880898676
0.34079766445561577
0.6557110201837567
0.4155806383082905
0.6701770233875032
0.9671728255647134
0.9865796866925998
1.057379591416208
1.2570051945512386
1.336629057259327
1.1959301660879804
0.03660663081912126
0.01148642174974561
0.22379759523207876
-1.2174721803581432
-1.8193320952278187
-2.660096733357854
-2.818076666787453
-0.8817530963545832
0.28314898024107393
0.6730060222050084
0.7828232742077068
0.8484659291135638
0.7531497428687097
0.7788687398875858
0.8562730761443043
0.8065708234938346
0.8746373372165449
0.6649377053589818
0.16604204581582793
-0.16376407692079079
-1.3963895985968715
-1.8941046812675524
-2.1029647606387885
-2.0090908924234
-1.1329988143807979
-0.8820899853426789
-0.7865880355268955
-1.8985042758038917
-1.0326863312271533
-0.07150995039340233
0.4157544341218297
0.8619056129658872
0.6190943708071243
0.2059836670449961
0.15238602513912186
0.06503876735826383
-0.004269463021212392
0.24434757990783734
0.5901829952363213
0.5694112109927614
0.678724480663116
0.23047259923675495
-0.4457331710054615
0.5538625828008866
0.859873263152349
1.0204158183571763
1.215745006409953
1.265083646833114
1.3295570594896113
1.3419409569471883
1.317601637280716
1.463945355659305
1.3651876252780037
1.443715809594695
1.3639323710294091
1.6679372018507992
1.4166213506933416
1.5040663442932296
1.5674158524146704
1.6725155083996757
1.4180647700596238
1.5543595855092565
1.5832090361549318
1.7156180446208282
1.1426008335053062
1.7058454194735542
1.5025406061510016
1.3279686518515041
1.353887078915663
1.4216479971898486
1.5234515122156922
1.609904133954386
1.6299545175960783
1.394025413515858
1.7177900734868425
1.2127660245444174
0.8784164337129743
-0.21080176709386705
-2.060888265243049
-2.572202549794134
-2.2938883470526936
-2.7743191312355235
0.30111497939033394
0.7729947701213111
0.749246556815916
0.402625427734945
0.6929872720697416
0.860346218130073
0.7441384563142089
0.8809955099158786
0.2527770708400478
0.23960925320229182
-0.005750122088869238
0.13015005210472935
0.4210280892315772
-0.3551146784242561
-0.5011466334913777
-0.09137755156243721
0.6426735222920648
0.8527310838970703
0.3853048810029175
0.5847545350258093
0.5284843662127484
0.8143838356945887
1.0028151219619967
1.119310329178623
1.2651023938857797
0.440585274644117
1.0287275537229825
1.35243407761695
1.3237867562614911
1.168119179413977
0.72434638306421
0.7305956008349682
0.9025575187882318
0.8378129671512147
1.0018935895750352
0.9813454026532942
1.1824102081086658
1.1118921157512085
1.1567819284031677
1.1478097764786677
0.4527007648651021
0.6696563430009381
1.0206306274089059
-1.8016232856824477
-1.3405904849131587
-1.1144581580965998
-0.18381992200259084
-0.882662395060952
0.36019810908879846
0.5942980354208501
0.40390596373217247
0.8895321834963366
0.9484088777012547
1.0846373827718159
1.387365662474897
1.4054911398522223
1.0441097749948192
0.5587014282047695
0.46762542730705514
-0.9473163694111958
-1.8703613710845277
-2.498633545726378
-2.125620309678421
0.1702563680035568
-2.1894343748749696
-2.0687298542155106
-0.6831694901278499
-0.5785613879814924
-1.753557839698567
-2.7504552604375774
-1.9849975124873311
-1.1823789128872244
-0.732399247489202
0.09514696509449906
0.1060157252941604
-0.1268655291402566
-0.6906236037260792
-0.7858004829413271
0.03003290280109229
0.46618524224213825
0.7485678510058118
0.8647570651741042
0.9096010371563439
0.9769626424276069
0.9405496383411601
1.0158604038790497
0.2541253986145713
0.5138903429201758
-0.3551114517491709
0.3077777732482048
0.39902588792362703
0.2567595958571872
0.4856654736908068
0.8796962543365971
0.795734753510466
0.32378552360050245
1.002845725930249
0.8091917949498575
0.8085812298032444
0.17783927074479794
0.2659485087975976
0.19705749413288254
0.19923280116870593
0.2357230974352627
-1.3793670173817727
-0.9985404062085121
-1.9602229542904168
-2.3427272367055965
-1.2084628895735636
-0.7694041579082949
-0.6461671370749138
-2.4083404944698583
-0.6737543275734497
-1.1593126850345907
-2.390853278088318
-0.2151809572198965
0.06572459294110788
-0.2335737136859602
-0.17308810819054998
-0.8522203078274518
-0.7706303224926481
0.1486745660791425
-0.9345677796306024
-1.2722031597207148
-2.0776401238851516
-1.387394119003583
-1.7050048062304988
-0.5063469807551801
-2.695421784818265
-0.7486511851831688
-1.984829870082507
-1.59839802932285
0.1270466181751639
1.0948961491072093
1.351577144857699
1.4173558275455107
1.2182439425243299
0.7350964624187744
-0.3746086947755082
-1.1234857291969416
-0.6089371726755717
0.31719410430357525
0.770066412363198
0.882859715479551
-1.2245890091529212
-0.2900967095970326
0.42049098719223316
0.6722101515398051
1.0091298488249552
1.0593052913509027
0.941099402593841
1.2288230213337936
0.7708121799432448
1.0899599181143262
0.8616851830232
0.7391928095480781
0.713694298516901
0.8099404105882614
-0.6170998947318083
-0.3571096494621907
0.2799507396067371
1.0095639310047104
0.3007382680567836
-0.6884433759129545
-2.8483165149878076
-0.8292920996086519
0.23070045910182763
-0.6743909910362538
0.8830814745867713
1.0738382030467013
0.7529008702997924
0.03955808209068503
-0.06511326772247533
-0.08922734410880903
-0.6830333602990968
0.13463795617094299
0.7451194082649768
0.9292328648188314
0.47516794548091784
0.5861451119018598
0.622289174538026
0.7524987648510311
0.38919831941415084
-0.9523213157415018
-0.4581421883236671
-1.5389278602128595
-2.4158308274380778
-2.340992277851951
-0.5839049267428332
-2.309087358854267
-0.4623685399705164
0.5675286695402587
1.0202228213936757
0.8343312317509193
0.4027997152634618
0.6476120957537647
-0.28421492097592604
0.5530012082746272
0.7291238402239545
0.4172736749367515
-1.273037140105461
-0.4071788378754938
0.11922966507788031
-0.031323555597661715
-2.64825577764497
-0.567889060039685
-1.7570804716329356
-0.33845397165447755
0.4885119404562983
1.2759463065714063
1.1426258748138733
0.7640092455048337
-1.5803725466343639
-0.37980175424387375
0.4490757792166262
0.056164903082692674
-2.335637561979962
-0.19982498657543046
-0.4453787567449299
-1.1325958668158345
0.2386514761093167
0.3500876066390027
-2.1332062823208853
-1.8959013413405772
-2.6931208805541713
-2.460460529509118
-0.8084492161883186
-0.8780508017569344
-0.4419669295932896
-0.37676335901561664
-0.4894001336980325
-0.3546551579083994
-0.38339025739059207
-0.0046550243502276115
-0.4453958598943248
0.2957428939832075
0.2534104471582235
0.6100429804269148
0.5765699256718386
0.27234883223188944
-0.40311426121131777
0.2370441347576125
-0.331287439119502
-1.386361909557622
-0.16275110999045195
-0.3820024088088409
-0.5102067242105822
0.06299331564471457
-0.7024006531774677
-0.332429861229829
0.2415012694792533
0.8394632187928052
0.9449284372108442
0.8927705532081295
0.796905512138327
0.943294239915118
0.2785740340813731
0.005881332011594093
0.16955063924171404
-0.3316839071953466
-0.21157947601270594
0.2712265987235056
0.38501122323319814
0.3043323131392512
-0.26552723645186965
-0.10105763999558298
-1.8521641176838106
-2.6399550839607056
-2.520084119713212
-2.561472519604316
-2.496278042394731
