0.4519787430684579
0.31218112370755546
0.10650716183361683
0.27067774370249853
0.4218034041123682
0.32882472674963326
0.03352510743006118
0.17875011309877423
0.10154609540641694
0.3170282134466001
-0.44224844692446685
-0.44777402691570245
-0.2835518168669019
0.12072472606089404
-0.10529915400070808
0.1572394217599689
0.3239991585932743
0.5018385467876381
0.3521025950842074
0.7015080866020383
0.6521834078184441
0.603355159235023
0.8586858706655196
0.7944624477680642
0.8947376516823939
0.7914603107543745
0.9180933935790282
0.5300540892412178
0.4315655194245619
0.3728921935381413
0.25921221691654317
0.6474345545901594
0.4226395386817604
0.5877006228151593
0.5782815311198785
0.2815359254415045
0.5978559539953541
0.45182390675755013
0.4203816630198509
0.6075771653407236
0.6592815283596617
0.9078173869444441
0.7063236759700268
0.40018162057648876
0.4485749620679146
0.19183361143186445
0.41857083231830655
0.6059603824009403
0.4864143290517711
0.43045126246058396
0.30994069019210785
0.23786212897157535
-0.009213939211066946
0.4275988986650715
0.12992740824698001
0.3704099870688681
0.26903149080585037
0.18604758180138037
0.7521300231048558
0.6766134069771208
0.7247004373098098
0.14803781346607653
0.05192196219346358
0.12043386527461393
0.2817579243178058
0.011206866702903547
0.06998373326587062
-0.18071005631152312
-0.47667240804419486
-0.22909502469770432
-0.025982923453725347
-0.2577648156771204
0.054992176908976786
0.059203990467820336
0.5247799111869422
-0.10323138652233708
0.2675745517906733
0.5083030582805987
0.6819132909109961
0.6231940541544829
0.7257650671929146
0.8513584613145735
0.7008634680724357
0.4470419836326342
0.8416518737838083
0.9516660319718123
1.0729754547514856
0.9693536699730227
0.991100887157818
1.076978636015629
1.142782138785277
0.9758810814918297
0.7825288521492086
0.9524029055597283
0.3423758577543348
0.32308547757276895
0.5121342333651164
0.7504014383509254
0.6982247114407045
0.6805149649155572
0.8526839297388269
0.7187488161829525
0.7843480797241389
0.6822081465452746
0.683716928568531
0.9890890216276296
1.2428681162886304
1.2812594107477697
1.2008673810413637
1.007709708582202
0.962682998114037
0.8707544123797053
1.160503257578012
0.011726896255563928
-0.2725223115243939
-0.26585340843993466
-0.2003495770537193
-0.17767540937383833
0.00159914026807533
0.2132247835124702
0.1975646939110213
0.00023484177487230473
-0.21279931416924994
0.23230693292175902
0.12405468959957186
0.1914242326323596
0.4169115888636512
0.5865512488844427
0.6584774034727813
0.4012138188434286
0.9039555931726379
1.2180119325677252
1.1805561158497822
1.072444057495502
1.1417859824016863
1.2056887240123322
0.9071410808967032
0.7325309733316359
1.1651685506389038
0.7198414810105511
1.0118317264797474
-1.041252852810614
-1.293350723543846
0.28699535769233775
0.8119456369358358
-1.2512459701529282
0.6781927839520748
0.2201796666871006
0.7836299051461602
-2.2227697006613063
-2.6585125579249334
-1.554938426479545
-0.9370795683808383
-1.9256856909169031
-1.6844750986852952
-2.631403027482903
-2.102407461558051
-1.7366325327922405
-1.4119764070806498
-2.4064538262224016
-2.896580038766004
-1.7525442616609046
-0.7996744688344959
-0.1936338959613466
-0.22330715104183047
0.22989825075415296
0.6227390424005478
0.5208873965680201
0.6995448603218443
0.7813717580177785
1.1311114175163717
0.8988090559844485
0.3147817294351892
0.904399988090562
1.1593589669825741
0.9546328402322832
0.9992982617627353
1.2297762619040729
0.5336573057834677
1.01939329147092
0.6810827988627727
0.9020990506744659
1.0114514621485124
0.06528588151181983
0.6449696993841374
0.8067088131306346
0.8868621163735553
0.1898609107091232
0.5949976258101328
0.5029319285379211
0.5694261222780822
0.8909419028329
0.8094209684079646
0.528617600829212
0.5926907548026141
0.2870763941635903
0.11697030672406881
0.2858592719438175
-0.6838949170163747
0.0948802386833453
-0.22901033341370697
0.18499958239682354
0.27257244035845485
-0.2668310121509898
-0.4035286749078849
0.055557803121745866
-0.20402729352108556
-0.07499701884920919
-0.39680629765680264
-0.8730371368075428
-2.556689954877479
-1.3934491733220105
-0.2993273949455294
0.08887676251561695
-0.20629676221826176
0.25653730733132163
0.32784641144518245
0.40791406550323706
0.5437357876716998
0.43651117659968314
0.705675771510224
0.8328304881814095
-0.1521333466514054
-2.4013411454635962
-0.5422680372364741
0.5953560617031597
0.2716530707695603
0.8290391486620594
0.5228956603463804
0.18281909528679705
-0.03696702098147577
-1.1126984695156645
-2.1737872405426915
-1.7192063740097616
-0.9985583112210819
-0.6938945516697943
-0.7152487076697175
0.03141442403525714
-0.07982148853661145
0.07241719630228746
0.2973062811948729
0.41579205863545604
-0.7360320305349777
-2.125638069058108
-2.069214156629462
-1.3015517499222582
-1.0500639247884447
-0.7043197908038644
-0.8096404101374627
-0.24217171656675535
0.32741668503713006
0.6580774947128571
0.12191977634861928
0.16590606923315443
-1.0177368791451775
-0.18392858583418442
0.2352887947681004
0.5344735426347429
-0.39929596191917416
0.2056565848090042
0.08577045105937788
0.30851399621765896
0.6338057083518338
0.19054013197468697
-0.08340197510744576
0.8318457443327136
0.9827444631117793
0.4583117999871625
0.43878432785518745
-0.3219641042266905
0.34435938146060086
-0.28217158204050596
0.02802454304598769
-0.04836388411138086
-0.250061477874736
-0.6801815174005481
-0.039737330776474095
-0.7015076182898992
-0.9621346392218637
-1.0618833942037604
-0.551912000191434
-0.9572687313447261
-0.9093875621106051
-1.1075314173295445
-0.8448292888894566
-1.0507352138538704
-0.6500989205898988
-0.08427115070196736
0.14041320463776943
-1.26481937743111
-0.6362403948888447
-0.7489600957912033
-0.11248993350855989
0.4705839598629339
-0.014486255484018228
0.15504170837469708
0.2080565628092481
0.65746072774799
0.6887373322571195
0.7235035446674075
0.31984667200153843
0.5987275665074224
0.017941913749204813
-0.8250226208624692
-1.6843550524164754
-2.541318985826272
-1.2097667148396702
-2.6395740393849128
-0.37890024141555956
-2.6775194862741833
-1.4981795230253792
-0.5051124214988539
-0.7248322730664731
-0.24404640062271454
0.207223312036124
0.1804654191306952
0.46167807952450746
0.616142624134117
0.47937261524636343
0.2067128860386765
0.2600067493841637
0.46600103505070223
0.6752684563813045
0.7828649080398873
0.9300940163089494
0.4039651169624486
-2.392266205439549
-0.5224767605883802
0.30221877086375337
-2.526365337270956
-0.054915839909925566
0.30705028923125915
0.1955282567052452
0.10977973417399745
-0.142782332746103
-0.2102434488714161
0.1169486362830412
0.2997065580765051
0.4622280848850042
0.2817105787279982
0.2507499710718001
0.04556221340752645
0.5589684958775702
0.7846028608293171
0.3867120715650698
0.6621994956445572
0.769890425995811
0.3830978158651592
0.3425726970059941
0.25739471825863813
0.29602561147181716
-0.026167093266575257
0.2699302475751508
0.6126024305553155
-0.6560246601181136
-0.5006562502260077
0.23504361952798786
-0.4220538971710893
-0.10280069398863192
1.0398238458653808
1.3077520239906433
-0.433650072357577
0.1745765006708847
0.683332298291753
0.24627973612768292
0.8762665869060944
0.7793496374763942
0.38997698446490053
0.05527628084882743
0.6689019684827338
1.6334914379213847
0.2882512275766029
0.40551896319017644
0.7091914987781331
0.6170727506006999
1.007231701647148
0.7849865203456672
1.1992369254221307
0.9377821697291793
0.20632321184690824
-0.2110172843475495
0.372489960544154
0.6072333891976052
0.7933007861350425
0.7234058243897635
0.32358035862388795
0.6213099299153916
0.9780812083723457
0.6677219361346224
0.7626361735399039
0.7197225304318071
0.3491359465395391
0.5936654091925078
0.48578921783966345
0.6619400445834057
-0.29455435004337804
0.30110753289271236
0.5934773035364697
0.7637019839397416
0.5052820151330492
0.15054701223661787
-0.6240027518225898
-0.26530657467208235
0.2943897780183955
0.5989097011818898
-0.17263585296046025
0.08378953056357925
-0.008195032436199082
-0.22337176620826157
-1.772837825837161
-1.1360487661918197
-0.4311655398976301
0.04745534687418676
0.2832229674140442
-0.05387290814178136
-0.45981994659657804
-0.36706831401598655
-0.07747572879983514
-0.15269728261075927
-1.796553139679439
-0.4741783521590105
0.19502748174955054
0.06196625024821384
-1.3362488601880895
-1.203748268738861
-1.3322504030142521
-0.9363378247599001
-0.6527500924390319
-0.9211059755057343
-1.4955616517403874
-1.9439537634327186
-2.4442812282727595
-1.5261699139878566
-0.8748416654045272
-0.3263422494533149
0.030100768212950435
-0.2793514907334357
-0.3899911855093823
-1.1433667320029222
-0.6931153324077244
-0.08538870448902657
-0.8402680934964323
-0.6793998827298853
-0.1184932672760772
0.10943178354042779
0.3924897124393958
0.21540993072163253
-0.6951190615626254
-0.05766065039165899
0.4361742236156095
0.8322319528968396
0.7913040686642748
0.7484363558403369
0.6444870395787661
0.6007083340791821
0.7563305146132091
0.423783972175903
0.681131780316061
0.45161588706436673
0.3018303285324352
-1.08294125040202
-1.962153344778486
-1.295077154106775
-1.393973748430612
-1.7603002821044582
-0.8274732824254618
-0.13926261503453294
-0.8475370752008342
-0.6351834775703458
-0.7168457486341033
-0.7187668964202141
-2.337421641611678
-1.3878092217659297
-0.6926373018177101
-0.09288831067779013
-0.34005061519770674
-1.6288342969011387
-1.337057516094992
-1.2139107812929302
-2.2053797643853956
-2.2183170323763184
-1.5742440213138211
-2.42923544010302
-2.478690691444712
-1.2108706277456012
-0.05360820809744589
0.2226267134069328
-0.05132925780462578
-0.28977615456316214
0.1905951119487457
-0.36799916825454393
-0.12015989240184774
0.5027403109665404
0.47914665705642756
0.4039129911315735
0.6657865283771219
0.40449671141576615
0.548773983751842
0.4606429936461292
0.3857847829409139
0.49685064234523757
-0.015485611119659723
-2.099762244057765
-1.032315510187944
-0.7017427628535184
-0.08604660743185047
-0.10698204346629081
-1.035294450096192
-0.6923941645884671
0.20004916209114776
-0.2841165447951096
0.4537439927111536
0.7787693680199782
-0.38405311668613507
0.7457053166281545
0.8390079028443344
1.032155556808818
1.268911085727829
1.078637822877142
1.1770451855072883
0.8676985618539643
0.9700097589256932
0.48916760580615376
-0.3604178173597802
-1.6577390280910504
-0.8790756938255218
0.22329392462985692
0.6915759921303085
-1.7351873261436985
-0.6807548618130496
-0.4155848106403004
0.09098077935159068
0.3692544123995829
0.3385859754671272
-1.877682524400706
-2.4576946725959714
-0.38383980665125794
-1.7472501105229556
-1.1171056883753931
-1.940399881006636
-2.8227642317989323
-1.0843906717700693
-0.5024407406280383
-1.066550450399283
-0.20730522355363723
0.4180981965675595
0.4485695821488181
0.06164010349854354
0.4923549554736587
0.5943013241506339
-1.2816868535342194
-0.49877946955093355
-0.11374974785248973
-0.36607975070509446
-0.6024871329402416
-2.2080240953133137
-2.5246962756665177
-1.868813968759539
-1.0972086218416464
-0.7367287991816586
-0.23542014352577945
-0.3150788248285123
-2.1926208665593725
-1.2454784484136494
-0.3161887509164433
-0.01990548997542734
0.20744622435159368
0.35357747401709944
-0.21612072114447045
-0.9451386997918303
-0.7656440328133958
0.2068945365982516
0.5466775893926178
0.3144330133794154
0.4738998761350173
-0.20616827955785555
0.19552901837321673
0.11738493979591216
0.0804647716941205
-0.09153688954937453
-0.42774296260941225
-1.5478249963184547
-1.9496981393010138
-2.4296297728142364
-2.3319386360976617
-1.3241739797798078
-0.7993546621031968
-1.6937109842847176
-2.0831333053941243
-1.2435674994955896
-1.8630622092470626
-2.0869659465370454
-1.933573537381662
-2.3037262030984182
-1.69975529883855
-0.1795922127142023
-0.7517978316413243
-0.43354675058302716
-0.26009487179289165
-0.9520414560455777
0.31846442820480286
-0.11374291132225786
0.3336361467544907
0.9019300499794206
0.9639763503933132
0.30284926569770815
-0.16035063695902618
-1.1502849257092265
-0.5027375118701769
0.06698749721559505
0.2286435999262943
0.0843405418006488
-0.33384827797360056
-1.1583554201226276
-2.134165849001171
-1.0139786667343975
-1.1025904519959262
-1.086932498541124
-0.8499586746297193
-1.5192455509988063
-2.487695919184991
-2.705275838779097
-1.3034154075429019
-0.929778013298834
-0.9435666378288758
-1.8111199434837912
-1.386453565736522
-2.2037592389818643
-2.051826035635761
-2.1852982186548333
-1.3031687083504648
-1.3236220036674813
-1.79959424793603
-1.718549984477248
-1.8480466567402192
-0.8163970419765207
-0.13145829469396617
0.25377852568026377
0.21416031836779126
0.10873674782800839
0.20976579607303505
0.1378176971459865
0.09662857979711585
0.2221081461362495
-0.8004967877971834
-2.942089125513843
-1.3482098541923526
-0.6075769415288907
-1.0312135304651062
-0.8947919962361697
-0.839322428171847
-0.31596243070907404
-0.8361891370266166
-1.245842440592701
-1.324295658973437
-1.9679411261900317
-2.73251796646188
-2.6291090689743717
-1.8545694844643452
-0.9296073394873037
-0.6104448307358096
-0.08877547663203339
-0.12050426747265736
-0.050203367844280804
0.20265179976754966
-0.6975415398852711
-0.04087930275183873
-0.3028714971103326
0.3919859074477246
-0.008600787694891246
0.6006230875651343
-0.13802193217762218
0.443431821156245
0.5277865369654372
-0.2269606271869554
0.19002582563955805
0.36921841188875226
0.3915299240737248
-0.523904061584677
-0.06606056625523377
0.19576657459813365
0.3396639364381766
0.4831574695212362
0.3823950227202154
0.22014573900809506
-0.1913410116589138
-0.38495439060344394
-0.336544484573843
-0.28451160444813633
-0.11827798532028196
0.3821954910954254
0.441424207646222
-0.34479114417626966
-0.5487591193806848
-2.162688678985668
0.12728047637019843
-0.40920537585389316
0.15306288018816877
0.06354091380954775
0.06549689370028326
-0.6938953251860418
-0.9136847320665422
-0.922863854344554
-0.2526265337249346
-0.4184792626968098
-0.1543257126362696
0.09094983611590954
0.3507706847393535
0.3486196531524161
0.2214506858210515
0.29268316073992307
0.08969441241389128
0.1801727275427647
-0.010978647232448383
0.2642950180832647
0.2865180439862013
0.30476900219833997
0.18407596550151784
-0.30842331393043265
0.16922888387867077
0.33000521925814563
0.14763378580561168
0.12360738001463428
-0.08754996416955896
0.2986664104371359
-0.21179756953509624
0.0483867421445071
0.1851597165049251
0.1615532925494221
-1.1019345962728453
-0.49942832971440193
-0.3951051174638681
-0.12832546348819127
-0.06958731598089968
-0.059275680486311585
-0.12436612079360157
-0.02065049683941256
-0.09818138942476365
-0.5603180507483929
-0.6903735949556769
-0.43463868660940685
-1.3508511376262056
-0.29469853650314204
0.3999348853675223
0.3366640393658463
-0.24453404592397104
-0.5785349740271473
-1.236082606720868
-0.6338343604705522
-0.13226211920591727
0.08191689080387479
-0.21089707171082078
0.09592627694265768
-0.5731668158326193
-2.4316414597690272
-1.7247636116976985
-0.802700279498018
0.02737815480281438
-0.05210818496916385
0.3363543178159004
0.07427690597841333
-0.23677853782025948
-0.20554800120821232
0.02753324586634327
0.15316024173677417
0.07418315508545736
-0.671340881125781
-1.248127259518209
-0.3646393845973111
-0.5151101669385678
0.08683545246550511
0.03573949798251623
-0.3961156955136516
-0.18412736230940416
-0.26193124234015486
-2.120085266500985
-2.520643529126139
-1.6216889545216782
-0.20321414916251718
-0.056446838258566744
-0.4074548329709353
0.17347646074344392
0.32568973359648357
0.42619022552909114
0.1243172951216745
-0.4556385711762423
-0.5853525714874601
-0.24221041042988328
-0.7658212400345771
-2.3526434158680174
-1.2595515352454811
-1.3629071399527726
-0.9850964937489988
-1.789701331982986
-2.405332932514674
-1.984513914964206
-2.3782950222410406
-2.361153523515735
-1.3850709246361839
-0.33221006910497686
0.05696300491958947
0.14917339449871653
0.2591642624794267
0.22654339115679997
0.16149030379134124
-0.8077264524267946
-0.7431678273402286
-0.2562865149640585
-0.043234507912900955
-0.3384242621527045
-1.7732074731268446
-0.9951020169907461
-0.2155682193083271
0.15863852281914192
0.47640058425997417
0.41590789754824253
0.2564282037766523
0.49908776243894076
0.7599587661584402
0.8663244894903319
0.7687907179437472
0.3370998571329167
0.6499529233492931
0.7829661624100456
0.869611135501682
0.011652299753086112
0.29830959990513234
0.44547911108861293
0.44749804421805806
0.44100001682632073
0.32741770752357074
0.14616822795950124
0.47648245624576036
0.40238549147928243
0.09101889893078376
0.48022553895276254
-0.18017391070014477
0.22060278922077947
0.17469877416614246
-0.08358050522694557
0.3579710166432833
0.5231416014295023
0.5093378622553304
0.08808364507519031
-0.39713417852109684
-0.11681011394984
-0.5841545919812758
-2.1686497751815805
-2.3164322606527854
-1.0812159946616815
-1.3298299668440767
-2.5448635532943062
-2.631378738214059
-1.1647412917425954
-0.2800833738926886
-0.37355950220826994
0.036158958755745846
0.3341910488968186
0.2031464338807018
0.2404702677871436
-0.9118023302962581
-0.8586055421285645
-0.2194632458930868
-0.12740712708099483
-0.29382653222089017
-0.19289966287976817
-0.4992965803028406
0.026361130800660215
0.056240529485455985
-0.81627029521995
-1.8244688397971989
-0.9745907687045436
0.33943061044903156
0.048882364943728086
0.18329109368323898
0.4112390992560261
0.7491316915276799
0.13696713061617571
-1.2159281301570024
-0.4477970485388915
-0.08099935721048185
-1.4133233543359944
-0.27267904075916133
0.1423448382417743
-0.10793404792906372
0.19501921999663438
0.020388302952331586
0.10480569939723283
0.2595227242285325
0.26358833278673954
0.11274982662053348
0.0005990527461891904
0.40008548536564836
-0.024608842194742957
0.0541053550722572
-0.15025509013848948
-0.0007608494605112447
0.07449027749521292
-1.5026659655602093
-2.6038553394116937
-2.5066096848720676
-1.1061127570175173
-1.2707328747572693
-0.21958637160254388
-0.3119235894419655
0.16586821554192716
0.022448336652405546
0.1068682624705134
-0.09460586391253449
0.03907326536668988
0.030423596041103094
0.09876872290690368
-0.9480349778945145
-0.4564759232205705
-0.3977227422561337
-1.19537621074339
-2.121471195671426
-0.8807013984139174
-0.27478897742509767
-0.8726392373388747
-0.6467135342576906
-1.9603792909885502
-2.4038407132332154
-1.3686788243367831
-0.3861304207534598
-0.4366826825150326
-0.07548228366307769
-0.4640362022995676
-0.3452711900210532
-0.23335243691992485
-0.01779785621861797
0.11794505169412561
0.23345467838278924
-1.2397448841536398
-0.34625254552273793
0.1895554240018807
0.15797103509101396
0.25980264584959734
-0.13309967548636742
-0.3411937235645734
-0.5254621341301036
-0.8634352732182495
-0.5592957144572631
-0.3436484011722526
-0.37023100507940104
-0.6046736968768577
-0.23942767857262467
-0.20371395026354044
0.24351302382230974
0.7604076684112185
0.7613707945188702
0.7753021643569282
0.6060198758156852
0.8228855955620388
0.47552545035091554
0.15864017541917816
0.06807632717982631
0.06979111414433613
-0.6727200420886053
0.08561585952326953
0.0025526738198200353
0.0705203639786883
0.4234285414986122
0.47947818448962254
-1.2848973384219753
-1.7153336216416275
-0.14495833215971846
-1.0369091332502574
-1.2688134554606778
-0.6430846235763275
-1.0815321345687203
-0.8856486040223893
-0.30532081882579637
-0.1710721308334906
-0.18319343925784176
-0.46772681574208885
-0.8170510888373723
-0.558577881008909
-1.92503138963607
-2.500160809141716
-1.5221914910208707
-0.3813359271376337
0.2435405983669061
-0.06997084939297325
0.1676948431664999
0.20962227184306298
0.4747850743515123
0.3675150918273673
-0.2606373442162069
-1.3272236354789277
-0.2772600409635029
0.2916693696040787
0.18840312103609458
0.0008155815297920428
-0.7560044638930926
-0.3692816572005124
-0.3543829884658659
0.060441130158828835
0.26350964497460405
0.12752651996736178
0.41790492241598975
0.3077734533642176
0.23049293528316023
-0.12788378563908545
-0.40775344350126835
-0.31725234569848015
-0.4229912083832438
-0.03711635189120351
0.13696276677068717
0.45872257982800724
0.07562390573103242
0.4503853737183994
0.8989454115947333
1.1909896693672797
0.8472159118051508
1.1333367342808565
1.2329360455186282
-0.3946583597904707
0.5095114733358778
0.4973146250218462
0.5281502143151842
0.35336332417854965
0.1828146089230311
0.43546066727055227
0.22517316824768313
-0.1792751987618878
-0.3963689616479086
0.12674171533707213
-2.393421108759691
-1.66936486213755
-0.255470589109918
-0.16789098182569728
0.259538380902993
0.3643151791475981
0.5795613407971234
-0.9776499592466166
-2.323418825484203
-0.8012471256679021
-1.551691568020724
-1.5674488218164646
-0.4339809092684705
0.267943333266171
0.5415363748421631
0.4178755443855258
0.20443221111431759
-0.6462238858105371
-0.01427821863389525
0.24483321772155658
0.22661690968007578
0.14742646968538
0.42370758413373444
0.7104453687915924
0.32479333803736127
-0.26191716365255224
0.24770092687317985
-1.0021201438413627
-0.01474263225629708
0.12268929064994076
-0.16694308627478416
-0.5234299154105253
0.4585921074649589
0.4527409111379522
0.15468641640487357
-0.6558484725328892
-1.083434902014082
0.5392066122508126
0.8502616427125903
-0.29456369546602673
-0.42862937745017127
0.13711628552596744
0.48643835751535236
0.6915424465429862
0.5101287873208573
-0.5143429824668936
-0.42018357430468367
-0.2339548844014649
-0.26489533876938853
-1.5123711719319113
-0.27984649026245145
-0.3691224035291829
0.21203474932479702
0.013442840432831726
-0.4234192533565144
-1.0951717171117843
-0.1864766511324124
0.5189185715868039
0.6084156550393236
0.5008579572788592
0.7004092900326933
0.9505900640253331
-0.29261703392487554
0.32470408124627237
-0.44291673629276956
0.16736416831078663
-0.4811570199859218
0.7672057021330776
0.6000612739004377
-0.4874525534007983
0.17180663806622815
0.20052104442089128
0.037247026778525205
0.28333295297582717
-0.380999013789564
0.6610113998043582
0.9724473419730211
0.06929083236380687
-0.5977227761390254
-0.7751953754553871
-0.881640721482222
-0.45138972339744043
-0.6285557378467171
-0.04010118105595142
-0.007285476717559622
0.1416071003339736
-0.02371080709238377
0.017979833831910253
-0.5061839935663928
0.25416146144353113
0.07409697685784294
-0.3329785342587521
0.26990786568820346
-0.0974583187899694
0.5178853061279147
0.022231636390520598
0.7527085651978305
-0.3663797774926251
-0.6139777693571248
-0.10299676512389996
-0.08290668853216195
-0.06482403905511794
-0.30104325946723054
-0.3577369063647664
-0.058361100765852214
0.2813227357360921
0.25600081833082666
0.6558255248121769
0.7040779567910628
0.3545063068341447
0.7152212301038905
0.7214592389930834
1.0580005743315712
0.5876992599315514
0.8174632361833762
-0.6821341959176799
0.07099740837601146
-0.6537862733947685
-0.2606198069720953
0.15448482307985292
0.3133868554634775
-0.1785586907509739
-0.5065964685959051
-1.3927421151405004
-0.4594807647052109
0.052090601925832807
-0.04992833205351686
0.1545523171133569
0.370079635591816
-0.15445440263185126
-0.28184098749962455
-0.028910347691503406
0.28845821363785595
-0.06914163146418337
0.36573123577748073
0.1607244452724218
1.1325027349050063
0.9803105626243104
1.0017818243497083
0.9851010655296792
-0.1979919738649773
-0.3512964024211807
-0.38840897204164154
-0.04442706956589565
-0.3221375691153826
0.2822771801913647
0.5911085211662483
0.9683109259019166
1.1303144279359605
1.1131903008945863
1.1175888030212957
0.5132183392855595
1.0066617009552656
1.0323395391876862
0.7711653575203932
0.5045239395694578
0.5573110868764688
0.2825906907386676
0.3836492768771692
0.6232949360106257
-0.42563778278161707
-0.18123690894656216
0.22485536411704393
-0.527418757980338
-0.38100261150894954
-0.483904061452441
-0.22671267216383617
-0.7334671505346358
-0.21966033285693093
-0.05636799252014833
0.2052317246114997
0.23001664677267356
-0.19732702550736764
-0.20713278773777424
0.18199572366518493
-0.2500881160985711
-1.2117724598738984
-1.5202554173731686
-1.0065908184036587
-0.8320253242076936
-0.5190640315856649
-0.4471618588467072
-0.4836433434683134
-0.378781689653223
-0.4032740841314606
-0.27628585066964784
0.009354735764120537
0.24735155746066273
0.43703488269683444
0.039364574802152996
-0.008419553608777618
-0.046827084245575114
-0.21065410243265348
-0.10859955862659956
-0.4570761368999995
0.43252601849125394
0.6189440828659374
0.4666220857296976
0.6553462523577815
0.5383114265700679
0.32720709722444785
0.47392050105626765
0.43395173518187946
0.7059464217880317
0.8295066614242
0.5110768476412826
0.5534117383782807
0.5639161235548453
0.3132714358192726
-0.24862467612527675
-0.38111848039973895
0.008651123465626548
-0.48732456079917114
-0.1761470541367932
-0.1342114877445828
-1.373636142634306
-1.1213985211972206
-1.9085455101679147
-1.9978062798137126
-1.9601737609040366
-2.295846633801742
-1.7353275603172236
-0.5090752082454708
0.15103536844707938
0.17678014632445488
0.30130997168077683
0.2053333283148141
0.2532896880192912
0.5606702075670655
0.6648374894272624
0.40981813698001124
0.2731378456936287
0.32429361243139915
-0.006138785423113495
0.11440257248090407
-0.276048618702193
-0.31361418974662647
0.11069864599845591
0.25006336898304254
0.2094354301706268
-0.7284820444773672
-0.29057062593429567
-0.20802717551662447
0.3252862723116601
0.3261818043057851
0.2984755621044627
0.45331918873958826
0.33406667629084535
0.17655813761094832
0.42059033438291976
0.36986190577913924
-0.015351399593621065
0.07708526454092415
0.3274314938392052
-0.5724473414957831
-0.11463238431090553
-0.3411079862238439
-0.12494025192636862
-0.7110297742708853
-0.4550280896822847
-0.3176141739531383
-0.8418286774922361
-0.34909326889864256
-1.3529826008580996
-1.9131299812935172
-1.1667297989619758
-1.815801395774084
-1.453796043032025
-1.444370926874736
-2.538835567205857
-2.510561809807041
-2.565465486838282
-2.861075563053112
-1.7812473207970703
-0.6992261884385305
-0.10395111725376428
-1.4275833995367866
-0.5670757407003753
-1.7083012762542407
-1.8646007600739831
-0.7922585462170458
-2.2922982124204396
-1.444702098276134
-0.8809241821511635
-0.033424754434050685
-0.6102456225503528
-1.0241703289236568
-0.9458706368630864
-1.5827420317733971
-1.5492599026786402
-1.2222815122339654
-0.727104847897361
-0.9651890207087394
-0.4396154490902504
-0.21081048682344583
-0.22966486263139532
-0.2538293888207021
0.16412038770793658
0.5185529365527091
0.5661195253665422
0.02726701388299453
-0.01172413624121732
-0.09250869958426305
-0.16647818238776838
-0.09134190275003493
-0.14394319946921666
-1.6906934172260308
-1.84944658972239
-0.9712160404141007
-0.36166603685338794
-0.47805919093840216
-0.3874590599408707
0.19066131214690166
0.16092331833467238
0.26220595372258837
0.47006520979674915
0.26316204954043787
-0.8552835719428062
-1.4433872471854392
-0.3335890746409683
-0.07996145163136836
-0.9693434592610787
-0.7784402888326521
-1.0692082742140676
-2.1545562730359924
-2.055184815818591
-1.2558054576366064
-1.171725983838844
-1.0926093980664109
-0.9330884320334758
-0.5790627798992884
-0.15900877841330904
0.1323632258378974
-0.48845098945099785
-0.6512796190869
-1.2315140551754857
-0.7486750811028388
-1.03818000570678
0.07091967760730533
-0.07197836308473257
-0.7589337779494789
0.07766629279603682
-1.0816272191098777
-0.17765850113294596
0.34926998268784337
-1.0719704603550615
-1.0886643716369315
-0.6135210763574481
-0.15670076467158414
-0.7995711688100018
-1.7533493325731977
-1.0096107462699075
-0.6542037313558215
-0.7806983032044871
-0.953816657291122
-0.4462814258072201
-1.534486267432857
-1.9901859835887974
-2.5825848991318407
-0.6254076883135004
-0.03380272531306504
0.23993614022551601
0.7133061000220439
-0.0344182813292198
-1.168320273082602
-2.4383690452072213
-2.243056203159164
-2.796898952676549
-1.4343575964149191
-1.4963830156005749
-1.1963967844067107
-1.3131199623209255
-0.9640300021910769
-1.6507697563120234
-0.9843106525237151
-1.8223687776726187
-1.333846274777209
-0.1735086955667181
0.19429779072005748
-0.06271500465562166
-0.3908542310720243
0.04076076504086466
-0.8593550285583726
-0.377842903031154
-0.19335691067540128
-0.635723494960897
-1.1034268203193842
-1.2408866524052438
-2.239727671231574
-2.293832357229335
-2.2035270822082245
-2.2986155758675197
-1.8296243120664717
-1.0598170027310263
-0.8540352149688702
-0.44759296604707305
-1.0670358515168257
-0.635257547108389
-0.038517808316859664
0.16471378914145904
-1.251674005647814
-1.5874582673326416
-1.8952356693306776
-2.1750260334053353
-1.2110291600689822
-1.6394651024932396
-2.143587045050174
-1.714927381292696
-2.1418264447445803
-2.2414221737371447
-2.1496886014494367
-1.837063738112411
-1.5209775669773244
-1.7840112401253632
-2.3011512290966483
-1.8730197812091123
-1.4653057826534521
-0.9352923060268149
-0.6619828057173216
-0.9156430932296452
-1.7472943034420758
-0.27794275791176604
-0.2067279562002079
-0.024448350931472837
0.11203966622631359
-0.22673300478056804
0.17774936117005774
0.5074694221913691
-0.22334329441786605
0.16390737997500932
0.6754191052668603
0.5286145945229412
0.8527076968954526
1.0645338874717292
0.9892094796580782
0.5876321108335036
0.6504860290278196
-0.42455275992734615
0.18014110991706186
-0.5800045028003483
0.3578407290915965
-0.3304434471377383
-0.15789329499722665
0.21088434852051438
0.5703911582337307
0.3917505407137811
-0.05414630636103682
-0.2421288024345893
-0.9858960266839729
-0.37108057011893314
0.3826580282303892
-0.1537088958191912
0.10410736833095986
-0.24105508213809954
0.20379701067463768
0.5441838692112576
0.4576987798766431
0.443668213381186
0.5897543605743291
0.5378779385965802
0.5809718365244718
0.19130806488175958
0.5663469826379728
0.5865681068539952
0.5148696219339044
-0.8377332419985176
-1.370420361243771
-1.6455767254858176
-0.7210380612009786
-0.9806303668977214
-0.457990856058809
0.30659479791787647
0.29414410320427853
0.33623979917940805
0.43354225637022825
0.15521221339712318
0.9158034325967682
0.7978318621559524
0.40409600847373195
0.892429378724593
0.46398590437912157
0.5508263852441277
0.7008125970906827
1.1447584542863416
0.8033464076949272
0.34377760269536983
0.5935235341437948
-0.5572291025332841
0.09237994071256371
0.4574081022978139
0.5838961348220864
0.35296400692983376
0.3765546282574078
0.1301403486379134
0.28798943411265004
0.17161387845204298
0.2665376471640822
0.16023560954069282
0.7336142089673447
0.8987483707472863
-0.3542386149251267
0.5106602602471194
-1.1734606322128123
-0.37058197860496045
0.3220934598938503
0.7046215627227176
0.6018518762585716
0.9009188945116352
0.749295371808417
-0.15155402688998915
0.3036606000503599
1.0929068624418028
1.106405662481218
0.7534194210865522
-0.3880410821179115
-0.9041519981905555
-1.9143623222861814
-2.25696868634057
-0.5160014334939704
0.561440487425296
0.5666528594235319
-1.069183278366606
-2.409894222204544
-1.7297258467207568
-0.5455722206428897
-0.4189015750093583
-0.4489002478831412
-0.2754733620206883
-0.6266287127186327
-0.2173405778198928
0.5685986923775933
0.31556200476096086
0.5421286578547594
0.39061361133440325
0.3030517452169945
0.5817686410426609
0.38987014963737904
0.5871797784570043
0.9504372625967492
0.9895565882730455
0.9487757169879626
1.1437392200574683
1.2269796349512778
1.2008762343130028
-0.07867593831144036
0.009700632601178007
0.2521178628713385
-1.1891451943325075
-1.8601943411637423
-2.75620732495479
-2.7921204285344654
-0.8194775418090966
0.31363751968595444
0.7483490622269096
0.8541396117705565
0.8575746082759432
0.7021266926575217
0.7270426676660561
0.7899839977918112
0.7753896559821623
0.7011446095546364
0.5393990606450236
0.1902441817601302
-0.1908418762716072
-1.2142337704884405
-1.7960474183200446
-1.966549561883821
-1.9246573995307488
-1.0688830212185572
-0.9206220031827036
-0.8182202394090126
-1.8498691939380971
-0.9568460184434705
-0.04632864882741219
0.46922552697535297
0.7730562936946024
0.5705389737306668
0.1783751538746533
0.11889715395866414
-0.023134466736652173
-0.09722728568288014
0.22132692468271856
0.6560757148081768
0.6136511932645883
0.7221974038293767
0.24384260466265653
-0.4459465434526043
0.6774398845977867
0.8588651352403041
0.9850704706507367
1.1603305721333814
1.278192374372075
1.241542684339781
1.2495926670343591
1.2635724528750774
1.3108318658996547
1.3861851341326918
1.4707280879971956
1.3425547813553762
1.670199667566346
1.4333599772781467
1.4834064725978924
1.4688261680240797
1.6982337058006847
1.4604326169419872
1.4608043849487138
1.465569346302312
1.6811178250560674
1.231508835863122
1.6369170731445455
1.465236589939853
1.3740076824285137
1.294115075874124
1.4097352666760943
1.5155772294383805
1.5630026451934003
1.5889303952736955
1.4552035073571337
1.7229347783190683
1.2323485753334391
1.0103001883202187
-0.33746898545281384
-2.0097449318183274
-2.441641436783842
-2.1205011310980657
-2.7124696566905007
0.24716459519534426
0.6671471791378355
0.7838970588622789
0.4259883996971358
0.7920522871465984
0.9420473486987853
0.7819900663892434
0.7879646479292891
0.2685503886899985
0.20423209492808275
-0.022442865964162124
0.12047651296864224
0.3613769058668526
-0.36150488511827594
-0.46709552679543165
-0.024503380669354292
0.7092254912367053
0.8422698448470709
0.3585891738777111
0.5754308356418344
0.5340296816903168
0.7861219788136498
0.952462336438765
1.1062816033838674
1.2578962348351466
0.4753345686371888
0.9655405094962223
1.3124787478829631
1.2962392081964378
1.2176636610931326
0.8032505224583613
0.752164252780588
0.8720517293534381
0.8784981394852438
1.019209567605559
0.9274491376784678
1.2299640622618555
1.2505583542324787
1.1705830809149336
1.2194931337693065
0.3887523145806308
0.6334540113433373
0.9940054639101799
-1.7717690412446097
-1.3301446010657703
-1.0876552071570669
-0.2069331850728258
-0.8188286829026372
0.31776786661295964
0.5718766324555282
0.33370663482974194
0.8772585509622983
0.9775199654809257
1.0446529283841046
1.2868978216077411
1.410701766857759
1.014892333225003
0.5268235955604395
0.4555119330871142
-0.9509588229211208
-1.7918639750847007
-2.3203518884677
-2.010595647058838
0.16671890013552282
-2.1333850967360917
-1.9573933931023775
-0.6420914802677209
-0.537832793445544
-1.7194740629581582
-2.748165891005426
-1.8895860989724753
-1.107199689459786
-0.55536902079908
0.2094864384896504
0.16531187647239054
-0.14716553900461463
-0.6438499307942934
-0.7465867470954567
0.06702542673738361
0.494764856849924
0.7641465174339747
0.802015916614378
0.924475075275309
1.0489765930281965
1.0099380664600695
1.0690316158233264
0.2373762802127254
0.5124210947405334
-0.3470048554608296
0.32507415748459345
0.4738998623828361
0.26348726790884847
0.5500053663707929
0.9861674348123421
0.810532605969409
0.2766475499652711
1.0412978437995002
0.8959508303599714
0.8851857582000064
0.16182930340495696
0.2592837417795254
0.20469681453298083
0.2020362708429103
0.14236621902029323
-1.218529857817761
-1.0516150769663164
-1.9235132078201223
-2.191312966974819
-1.0985960520828908
-0.7018635644469853
-0.5604101280222142
-2.299909840521292
-0.7248947323998474
-1.137146007930373
-2.225324497325215
-0.21521260883455018
0.12125120036670385
-0.3051446882249792
-0.16999592602998687
-0.95589694987825
-0.799842697410736
0.23200215597714602
-0.9689437147601787
-1.3517373397880332
-2.0127246842849744
-1.4987843542140542
-1.741168996448867
-0.35917784672997666
-2.5958450938264557
-0.7770541862442872
-1.8947702067968761
-1.5898384960758878
0.1484796001873548
1.159777443632735
1.417635327547755
1.4288964747253703
1.2563460543535823
0.7064011278341003
-0.3432555656714804
-1.1153790998399162
-0.49101669128799186
0.33247712739650986
0.7015988086329676
0.8858199876243087
-1.4795818194726553
-0.28138361370578674
0.4723114894798148
0.6741143286762539
0.9756761579938337
1.0362236841421382
0.9646129736180966
1.19738603241366
0.7984676201793492
1.1750479101900966
0.9311689129311875
0.8012505361400782
0.722275208788496
0.8559322205127793
-0.6093545526690262
-0.30752700184143844
0.37532597710854626
1.0176732363757497
0.2926546391317948
-0.7565667824215052
-2.788303446592808
-0.8164200327673053
0.06290725414714518
-0.6249690813729059
0.9806036890047808
1.19409439078896
0.773398754763406
0.06444049715532504
0.054020101861618
-0.04269862392340547
-0.7697673820633127
0.2018510512621624
0.7335993889609623
0.8998460302440631
0.3737390508087854
0.5115843722377935
0.5364845075062197
0.6063628849638736
0.33545062676668363
-0.8993650334433383
-0.5178844827462281
-1.457626993834507
-2.3652347726205645
-2.403802663440245
-0.7148465780115061
-2.3038519532981163
-0.4125741155788768
0.5746781834088215
0.9014940825710871
0.730784977545732
0.3742409821813142
0.6717718968914768
-0.16702454570323952
0.5692052939071325
0.7513440754694618
0.40423561956466914
-1.0868514726913978
-0.4148199299634089
0.05117581870269235
-0.057782316470836634
-2.6199381495930103
-0.5901195043825038
-1.6270843172289848
-0.21762474214660232
0.4926959964703948
1.2299669678200127
1.1530962398183637
0.7600674887481551
-1.4643721495157895
-0.4705260122911759
0.5820395383186716
0.014399258125293178
-2.0840151821873087
-0.25529554810373817
-0.39222384370791785
-1.1658112906695017
0.2697974062490086
0.3316672319180456
-2.0143307655671423
-1.8722641711466323
-2.745175923856497
-2.1461113278457287
-0.8745091956409192
-0.8432322153908073
-0.39829826122617373
-0.2858531298604561
-0.44305653177857
-0.31908488034908233
-0.4118182099378328
-0.03565077557092641
-0.5046348705180101
0.31866698372964447
0.2176258639786785
0.698567561945795
0.6687296025710493
0.22068658289401683
-0.41453660052749697
0.1261962216664676
-0.39823500072441576
-1.4189564517777389
-0.13429522071172845
-0.35839552633681554
-0.4821482165613462
-0.04435244211559121
-0.7658342604217534
-0.3155978396370239
0.18425567806689205
0.9024118206250531
0.9056856391600117
0.8553083391611445
0.8314186953330307
1.0065058861334595
0.15654729559168373
-0.054869771460445374
0.07851416437319811
-0.2667709721056252
-0.17318944387978327
0.20726378214956837
0.3503173798914718
0.1874604217286267
-0.3720367876454693
-0.18388469647668973
-1.767633260155439
-2.609937054525762
-2.4304285437320265
-2.5078699115406806
-2.3897664274653465
