0.36075919573061194
0.23328690274752928
0.014297530248057898
0.16750958529065052
0.3338399065818235
0.2243352842379966
-0.030066023643984568
0.1646252290786106
0.04426212281009417
0.29327615110079275
-0.547369986139749
-0.6227315029438493
-0.2976162015522803
0.19091628918733797
-0.1682958312821696
0.16504242323928286
0.3866706987364957
0.4383579060617383
0.32792884957659674
0.6135099659220822
0.5731395484915917
0.537459720163918
0.7090557591792821
0.7412261807667997
0.8070888240114573
0.6949790467986217
0.8398492495661296
0.4457855691372315
0.4091196041912436
0.3057715721060391
0.1674306816251868
0.5579480838682176
0.4852757683548893
0.5503635456880498
0.5237536147676796
0.3390583482458035
0.6135073354036948
0.38607168446988194
0.42341788118446094
0.5367464708678109
0.5628811546004461
0.8361888125530211
0.6602400427596846
0.3183154625904698
0.35178217815709056
0.06875368815809382
0.3311417092836182
0.4708554232246487
0.5096025917826279
0.41090463232901697
0.2299519116536866
0.17695255926850417
-0.10545378607426005
0.36276856260777685
0.07097042402311834
0.27808302168021104
0.26499435285391965
0.13164213476956604
0.6348586969007952
0.6799597985105439
0.637251807831724
0.07913160341390862
0.0025159309315379817
0.04710712552942188
0.21747388805503884
-0.09741072145579352
-0.0518233235809346
-0.24370360718483625
-0.4609707994723128
-0.33172464129544504
-0.05299791268361429
-0.27615578504127625
0.0016908918119263889
-0.039543433318650054
0.475187381470898
-0.18293151743427966
0.18401119238530314
0.5206958821938737
0.6735068146485432
0.5614825276675612
0.6243957620521386
0.779703555620046
0.7031293119464158
0.39456294051557184
0.7602606839746096
0.9259734817381755
1.0305064813500369
0.9302934972570645
0.8810685797637035
0.977497060353558
1.0440065705467607
0.8984107572674543
0.7385341624228878
0.8275584503627993
0.14395186411430702
0.29768375613485887
0.500527209895028
0.5937597523974347
0.6070972173840702
0.592651217762146
0.7546150074144108
0.7022886386897488
0.7894944248719069
0.6185301947684215
0.6710526520167798
0.8705897996985635
1.0595915796266624
1.0774027035393678
1.0383573937127828
0.9014648678280308
0.8448599865901517
0.7969092828047267
1.001051040399056
-0.1890401008941684
-0.4702550129497073
-0.4056871798919629
-0.3383375005493307
-0.2962204987735875
-0.06142150747790351
0.14032228779145547
0.20666424422156301
-0.06371887751956906
-0.23076793512499078
0.201742644553503
0.14176958219786082
0.19324793166077928
0.40156492557036
0.5909175593673118
0.713842885018144
0.4755838595539401
0.8989944827524365
1.1277704182901935
1.057233861652432
0.9973622971867766
0.9883288323053295
1.1646587669961677
0.8237567209263535
0.7014641567380782
1.124286421740177
0.6954563547592248
0.973893086182821
-0.9442813107403881
-1.2108641000440856
0.3266035606325055
0.7418326212986389
-1.2291468347197518
0.6247473658345408
0.3352784711507278
0.7180643773614295
-2.248418436608414
-2.5058272799758927
-1.4094638472668544
-1.0338722460664975
-1.8480373006794901
-1.7077315327118001
-2.3931099667376694
-1.985858205731646
-1.5900697983335896
-1.5430588276008272
-2.297683886067747
-2.7654367020258808
-1.672687461550626
-0.6876479375770238
-0.04742816074159687
-0.17841011744069485
0.23904612558052357
0.5981926481038851
0.5537772512177616
0.7726368562473722
0.808460777285084
1.0454132362616857
0.8305452709838602
0.46336054468503374
1.0191889353511887
1.1465672856399636
0.9349201371247887
0.9181388392418749
1.1702357060967583
0.5373726216436334
0.9694452413162138
0.7298791903727343
0.9875662626903752
1.0635144297411272
-0.01159223583567012
0.649494012038187
0.7620116653915955
0.8522094166476076
0.13339468619073855
0.6093234915369478
0.5062372109948061
0.5846547028520384
0.8352317819552737
0.7796471909353964
0.472249511795524
0.6025071206250099
0.23185625404016053
0.06161825107270807
0.29291616200260456
-0.7270997777160275
0.08637443305318113
-0.3018395195784822
0.1380480299996542
0.26007933009235473
-0.386140429290315
-0.44656444285025493
-0.019846078841127324
-0.27474131195093987
-0.10426830574061308
-0.4299331418589888
-0.9435828120181069
-2.273273424959765
-1.1647670308296043
-0.22251676826172298
0.09339816766379878
-0.16360074181893808
0.24913771373103125
0.3465354035689153
0.3466651332941915
0.4520689377216191
0.37928700922143427
0.6412442628472963
0.8516448949637618
-0.2568261308731434
-2.4291037961900823
-0.5550817773345006
0.576156753618402
0.3242084428128886
0.798631053241234
0.4408098593099193
0.08918229642759953
-0.04112686747612562
-1.1493080518131427
-2.106334971928804
-1.5764445165664946
-0.9131586832063651
-0.7421316826140565
-0.8523030438277703
0.006274273106754671
0.008378918699669401
0.08256595583876326
0.35377569096416234
0.3894923554933766
-0.685925168887376
-2.002355669712674
-2.0641506994107526
-1.1794871980302188
-0.9213469197820077
-0.4798284405095563
-0.7121678180426514
-0.26776864388280974
0.3687802533826195
0.6694551130915423
0.15136176406017082
0.2315755120981954
-0.9843035963076692
-0.0454547553706825
0.2232252954819637
0.5501862449721038
-0.4303576353080969
0.18916328145979727
0.24544092610375373
0.39554934990042623
0.7622498583660141
0.19750574246799635
-0.08625808740306179
0.9372799865135637
1.0794731069070707
0.5685444448321667
0.48878198824894065
-0.16868609638715062
0.42895295104595416
-0.1476669778879075
0.0756868719668139
-0.012040396702803434
-0.19903697554365568
-0.5931690861912569
0.03011903693797549
-0.5349990958900844
-0.7663995547501978
-0.9979807303875503
-0.4673618904158011
-0.8801265984479338
-0.8372059349149826
-1.0211508895385666
-0.7212741012094338
-0.9999260134844508
-0.5960757242439607
-0.11657264978379847
0.08970933133437171
-1.1850891042083365
-0.5202276770838183
-0.6156389227969942
0.05767980099342633
0.5558150141773472
0.09081188834047646
0.2766772703024913
0.3211144383608617
0.735891994539781
0.8023528777168564
0.8125430107016709
0.37150401472099887
0.6719528578772695
0.0717783055554852
-0.8117414493319723
-1.4960625358870256
-2.3199860184774175
-1.1681231890948973
-2.6358421248299946
-0.4708273609002934
-2.6608703511038305
-1.6494662836120981
-0.5146534947346896
-0.7077902793407975
-0.25306820476489456
0.19875254976632256
0.22591156367146076
0.43059398361930024
0.5552176022962138
0.5288625964542962
0.3038058653241152
0.19375806321372854
0.34476288032738106
0.6431816520546698
0.7358115165258527
0.9073893887468572
0.39186584738954106
-2.39316090129273
-0.4714089187919661
0.11039826926247359
-2.614640072792713
-0.2281669992208059
0.1330001017675937
0.11848114618655357
0.04629658591244775
-0.14837399612610966
-0.29592688835183556
0.06792547520379116
0.2923242167999565
0.40196525077476397
0.22776752424707714
0.21826558216051992
0.1355394904533469
0.5435339568192978
0.7781026442189085
0.3955094496842566
0.6988121596462669
0.8177475450582896
0.36126647829408165
0.5109203495619912
0.3274828830999271
0.30363078897784784
-0.025620863985551592
0.3150907989394654
0.6074037298985102
-0.7835508500145949
-0.4553397517193307
0.16701532977294703
-0.45754530927857745
-0.14976834130685754
0.8785258580318929
1.0232663189488167
-0.4561866263276585
0.1485639630798953
0.6335955921938905
0.26016123930803325
0.8162296825083459
0.71035764852934
0.4185950384082476
0.009425599802670449
0.7340338865932412
1.476714403933145
0.2572437692441198
0.4294457357923708
0.7653701115234188
0.7325166409390077
0.9729041131109453
0.7818490278899773
1.095066498701667
0.8820457801804706
0.14147697375475402
-0.29936042627860027
0.2997903221384825
0.5812125688334888
0.7493022909269087
0.7761993759735648
0.27021750430642066
0.6698658362050925
0.9700626413250001
0.6932508713304719
0.7835033135978465
0.7684146716961772
0.361200085082073
0.5713013637687144
0.45998947548779445
0.682600747070659
-0.34682378364270855
0.314184268460289
0.6702691490169637
0.719663635829553
0.49710359166388685
0.07121062676424794
-0.7388025609519813
-0.23827354220527924
0.27106569115181117
0.5892281725768012
-0.22752770911730705
0.09419117712996539
-0.04392663360159819
-0.22998341394621186
-1.8004162399639294
-1.3014130090114022
-0.5133712726316796
0.014009552007331286
0.299826187477657
0.03626040764888611
-0.46300533751962225
-0.39496395050384675
-0.14677368715249814
-0.27273950077601206
-1.8365573143925515
-0.45116192169009844
0.15024947241818437
0.04627827829894816
-1.3401445177445224
-1.2069486051829215
-1.3808364585388029
-1.0076356194435183
-0.727405660379075
-0.8747790264938629
-1.4804453764944139
-1.9132830684206694
-2.296211144513255
-1.6808437325242966
-0.880504708175235
-0.40286724257769085
-0.09611466369549189
-0.3227683964671072
-0.3543382627455329
-0.9761378285114106
-0.6582333866840964
0.01516704359933774
-0.7382093922035007
-0.6730101500555469
-0.1431834489110018
0.056725052189882184
0.5030427176349457
0.3006939961658106
-0.6251293619456715
-0.05995782197686143
0.41650842899071167
0.6850696207308875
0.8295603670827316
0.8967635390418728
0.7573363039314164
0.7961928701419411
0.8368197226316046
0.4222897188986938
0.6674156708334318
0.4232711273937496
0.29307258534972896
-1.2805410389258673
-1.9149611312856347
-1.3061000784972445
-1.3359109140368584
-1.8375087263000176
-0.930862514646466
-0.1728438085536777
-0.880275679616199
-0.6421948823050455
-0.6775494312507984
-0.6682647504515862
-2.271547124316448
-1.395755347369819
-0.6982962102756027
-0.18296071736831257
-0.23605227688111455
-1.5797093657645669
-1.3060517535675007
-1.1282210189875517
-2.016544460618072
-2.097206983557887
-1.4834789119816034
-2.2126589367921934
-2.495744825979257
-1.23406664541579
0.0534510993154469
0.2638825507331487
0.04959403839281245
-0.28441899333147436
0.29570782715358573
-0.2903950865659637
0.040536270914487804
0.5623696380861203
0.470308639749261
0.40240922930582745
0.6686666709106126
0.36115842251030755
0.5384459400867798
0.48575930680977497
0.4305386324060982
0.5944525580739866
0.16354793311515664
-1.7695330340388697
-0.853039444047377
-0.5042915379478158
0.00431517831035888
0.03286566738726142
-1.0326854316997218
-0.6305620689254701
0.30704726078186184
-0.16801808231539334
0.5897189344410887
0.7940107838158605
-0.3689372002865281
0.6484262845811787
0.7188857212172132
0.8982204013488865
1.08013930815304
1.1005136106678832
1.0109543429825183
0.771069018029074
0.8407399274183194
0.42135401664696376
-0.4053643816937429
-1.6744236089681166
-0.8973003393659927
0.24054959215010582
0.6226775111415931
-1.8489399445467811
-0.7742756394376513
-0.5278457571338574
0.056527540806000795
0.3969734869526245
0.34804881227463946
-1.8284124623841462
-2.452221331622786
-0.5305667991771265
-1.7638863442702895
-1.1379437930651926
-1.8952815442668332
-2.7420149320166316
-0.980149927518045
-0.5902843253648706
-1.0286439326505596
-0.3266107448443425
0.32612878133575285
0.33948287665613536
-0.11461445169973586
0.30165300035455145
0.5051096687509044
-1.4950618750625142
-0.5379232412465994
-0.1788300281994426
-0.42478335774296117
-0.6305247541221537
-2.1974124779128554
-2.5590262872282326
-1.8774639981036265
-1.0808266696337026
-0.8320600580511037
-0.30453921644638254
-0.3549456258364623
-2.2512243484864953
-1.3782098633461728
-0.341846681856208
-0.12010353560437517
0.1103943875036556
0.28584099358610837
-0.22682955739049493
-1.0758467190350616
-0.8375595533149964
0.19412644773694782
0.425803653203862
0.20771327893995656
0.33460138086943647
-0.3152912002691542
0.13475613412752444
0.003241568865505383
0.01895344407661644
-0.10193737118208762
-0.47546578756444885
-1.6015184169051921
-2.103128534285675
-2.533509560725827
-2.435670208787655
-1.2970025365560964
-0.7847067256989415
-1.7441884963834517
-1.9843787144882947
-1.3189312878770585
-1.9429130594482724
-2.2068246553905877
-1.8816235301677
-2.2190476869206965
-1.6905554927565758
-0.10889030740338351
-0.9779725511500296
-0.3437338043930741
-0.1824606495242558
-0.9230280977172265
0.23367732068401154
-0.04717889328112206
0.3839058325129866
0.8192333915604284
0.8669599965242343
0.34091983116370234
-0.11695911181763224
-1.2154372079506142
-0.36243582006413516
0.06936754546089069
0.25497521244239224
0.122383901090126
-0.4232989517297545
-1.0920371102951552
-2.0828972612613392
-0.9203326806377323
-1.093566828377885
-1.1312743553768767
-0.9484886810726081
-1.5910704707248724
-2.3245055385905062
-2.673235482374316
-1.4004703892505133
-0.9193568560335079
-0.9275439987966663
-1.7559403244671905
-1.323467703622369
-2.0241335867781833
-1.8218329376086189
-2.038619612102566
-1.1366977463728647
-1.1924209312849845
-1.4745342801946189
-1.439711818287259
-1.7477529152619264
-0.661922375343736
-0.028347398020684283
0.3378928995260744
0.3606838988061779
0.23520001968551452
0.3031380469485295
0.2953325719007907
0.1882923545270008
0.3599454036601858
-0.6931152950040842
-2.698199624487328
-1.3403312168308459
-0.5640761908732176
-1.1185852934854035
-0.9187429109481191
-0.8684823387495991
-0.4186434348628044
-0.9287499041814506
-1.1927757433651656
-1.2106030129677403
-1.8353205773467054
-2.612038428816333
-2.4776720338115577
-1.8391667557146465
-0.9265109602485063
-0.5658236377865087
0.014099573280866678
-0.16382059477682684
0.043974941646082184
0.1783888898580007
-0.5649621956799405
0.023522690419761738
-0.17055818067559841
0.43609117804621755
0.08967653144130247
0.5476129069522151
-0.04799500509958372
0.46178306981156314
0.5503604565931718
-0.02427096419786922
0.24923295858316785
0.378662492536417
0.46205015719560494
-0.4931586382704965
-0.046743756882027455
0.24195915690214292
0.37260030124624044
0.4506278285828517
0.510185809118278
0.21312794665763818
-0.18609180065407438
-0.33653127926494425
-0.3640417016279184
-0.304194046527746
-0.1843429945240187
0.352705337712377
0.44859396383734673
-0.3011729493363194
-0.599330170598527
-1.99062177522436
-0.026923424595432958
-0.3331832187570083
0.1677850115378461
0.15732469956203055
0.10373643574780966
-0.6056881767799853
-0.8133646832473143
-0.863178550023378
-0.1629449473734731
-0.3886243500051705
-0.08489692057890572
0.17702981103637963
0.39403859971072674
0.34627574034859154
0.29823154449174527
0.3539834532449224
0.1855617921114028
0.2413153237261232
0.02029923199555845
0.24664268115993457
0.26292562527278907
0.37706811293709613
0.19175709014617787
-0.22252353729546553
0.1924971031213951
0.35236282736181695
0.22712722240812186
0.15533216976760977
0.019123030562511877
0.37995541670794614
-0.15755140503268295
0.07981894133075974
0.24679590302405222
0.17275579652261627
-1.0088015032787907
-0.27675794404442444
-0.3255720145155903
-0.016956435387836803
0.008474333012394732
-0.019716400119055077
0.046124138304243556
0.06741253080733348
-0.08207920364659058
-0.42023191820633593
-0.5465030787748291
-0.32565275955968853
-1.2149426050037595
-0.1825305062809293
0.44713087260489215
0.34878547029120255
-0.3360539002459726
-0.47519919950054623
-1.0692872645052067
-0.4887752994766184
-0.13659131383903064
0.13668182384997865
-0.05074691623122738
0.12289190004641445
-0.4724984548271025
-2.4581411750734663
-1.6809515755196742
-0.7312003726902296
0.04832968397400456
0.051123027071175504
0.3393366889195966
0.10705195103381701
-0.15774384351114462
-0.18041153425061124
0.022392552435944506
0.17846516989949002
0.08550521604297147
-0.6167579913264084
-1.20460211115137
-0.3336770195002864
-0.37294922380001333
0.10347553793969592
0.04588673323733765
-0.28319940783065295
-0.14231386007603805
-0.18130074379908237
-2.1466354979683597
-2.4542311648938226
-1.6119028800397706
-0.22261489894623002
-0.07669666444272094
-0.32428311422182476
0.2523790075833881
0.39451195402635864
0.46175388994023436
0.15370247845663132
-0.4084029987500901
-0.5232822549082559
-0.20774481868910777
-0.7856300531183682
-2.234818821523447
-1.2210447352109643
-1.2027501292038336
-1.0375716966066801
-1.7100158794044507
-2.361521663675569
-1.9114015656815875
-2.318612762784167
-2.4004500909963884
-1.3243281139477063
-0.3253633347041663
0.06564073590819178
0.12019031664390054
0.27157944833493486
0.21589086316543482
0.15050492145463487
-0.7077795990082574
-0.7219652868742737
-0.20894798814629312
-0.06291937860443057
-0.3325166509722405
-1.6331303825226646
-1.0659803515523185
-0.1548968700078762
0.20455659449478525
0.4501933333486098
0.45576272204676077
0.29609537033921013
0.5389795036419242
0.7127855937196352
0.8786051740486626
0.7522757954697239
0.3899458074195116
0.6847259402274093
0.7534363312881537
0.8443038780122373
0.08384318249716885
0.34570798169173206
0.4444760615402891
0.4883278406554286
0.38839308232859393
0.3292988005169858
0.1721843817703913
0.42387898481564545
0.38356744080273786
0.15660582711179993
0.4545590110237453
-0.08114447960954513
0.1926921284938085
0.19572310516645144
0.0008830827984456363
0.3471229885883569
0.5083706135170943
0.4946466297062426
0.07344084959778642
-0.30468845675777
-0.08586699600090339
-0.687030325831488
-2.14222293041929
-2.4550779140132906
-1.1634992910617858
-1.371092253815907
-2.3616670410251177
-2.587737808598785
-0.9966114171351095
-0.12708281132039645
-0.21777387542474155
0.13319906053740066
0.2929951880216873
0.24310312206113613
0.21014730590569553
-0.9031763128538365
-0.8427387544225597
-0.14241559899450754
-0.10427319297986674
-0.21024783144454842
-0.08118643349816108
-0.5114903827903333
0.015561076056937392
0.04003416939044481
-0.8036121986652099
-1.89522061977
-0.981821779787655
0.29063766747978753
0.10155769485143844
0.20489283123977223
0.41044149456251167
0.6694902797193082
0.25299872290635517
-1.2445139281704274
-0.49445931739003646
-0.04608151030161084
-1.3074994549948777
-0.30685472560807414
0.16956541906410563
-0.042230411071093474
0.24458001676209046
0.16912526425532556
0.20309654243877948
0.3285639221597104
0.30720458920491267
0.18551052883645208
0.027139352659813095
0.36263779088954906
0.02905928559743311
0.1161831233340557
-0.1812234953557908
0.12568386653063507
0.18550410304232198
-1.4856957599251759
-2.4498266437740464
-2.4607520304769106
-1.0360436209549178
-1.3099334451220996
-0.18282894402192662
-0.28030784043503487
0.17958550778712412
0.04102296643162546
0.15436986668001437
-0.11710032351388718
0.08507867769282054
0.09142351424766457
0.12082868579391982
-0.9669011587979379
-0.39975530423234396
-0.36834579779758697
-1.1762218188003437
-2.145314533357251
-0.8834078411589026
-0.23178572862236593
-0.7846279083182404
-0.5572010540455886
-1.8235649490189414
-2.384280168167961
-1.368622137681086
-0.4230966625077592
-0.42128292466321116
-0.13681249730077105
-0.3933149970100538
-0.33056503386571784
-0.22545895588819287
0.0016252091708307912
0.0851653685184121
0.10228450266661793
-1.1115433983504261
-0.4024106408567518
0.18040357123981549
0.13657886181370407
0.23715101919523623
-0.13571108937542822
-0.36393499731865386
-0.5284968088601759
-0.7888966285812419
-0.5925493577616429
-0.3450658538899791
-0.380978676041597
-0.6089680024202685
-0.14692943687945087
-0.13961724346338725
0.33304793143403505
0.7277825884615748
0.7227539537866058
0.7319953111422559
0.6162002046400029
0.7624694519354647
0.49184350834818724
0.13942527693097279
0.06778553081699559
0.17289897478389113
-0.4805587447436012
0.17721767279548237
0.10122195683875593
0.19871841268403395
0.5067469986709119
0.6279076727251676
-1.3552004517433236
-1.6327786647051552
-0.06462884517184185
-1.1297074348350469
-1.2331287347366304
-0.6000759167411414
-0.924042995100065
-0.6886906406986292
-0.23790510070111887
-0.12987717747378058
-0.20174746892340625
-0.445506489773257
-0.8289777129468066
-0.4818301975030183
-1.6707442619104516
-2.3838065185307946
-1.5069202233847645
-0.2631988968226664
0.21393925327017538
0.11705015730687973
0.27549169941306867
0.3441075655849384
0.5275949570423152
0.4698390461580815
-0.14938631895196616
-1.1309919943684321
-0.1689353770057489
0.3945010069101952
0.2690173532193322
0.14370775679862322
-0.7150412486101534
-0.24655147667914018
-0.23536049278740168
0.14708459949433314
0.4029615618805812
0.1438917809613829
0.4571133111676871
0.32997914422225094
0.2174448702322646
-0.17023824124661904
-0.41871805245516874
-0.4551536167944496
-0.5806009708958776
-0.10329161903386752
0.05834046143587925
0.35159451422106075
0.1242003006319954
0.46003221223871765
0.7577026530460598
1.0639698665245594
0.7823999238173214
0.9942688196333513
1.0886621241260277
-0.4499119083154244
0.5423022654019635
0.5182399660353461
0.5429379818406372
0.23693924380939269
0.1165710644469129
0.3360891119783155
0.13468096038848754
-0.2176461641663406
-0.37681734700632674
0.008547948246920697
-2.4597080158909437
-1.6689584509596496
-0.38466557442589744
-0.2835112046861048
0.21312988235852257
0.37456285551108015
0.4470174926407527
-0.9789590247172371
-2.415586113031628
-0.847097326734384
-1.4873154474158072
-1.6191968445344058
-0.47591262044867816
0.1916574203014445
0.4621958231840593
0.2754508938672195
0.13340958216691645
-0.6514986066149129
-0.1090718993960009
0.24747293504359796
0.180016965407785
0.15294629354485662
0.4442357440569853
0.6423413875511035
0.2728904696133253
-0.3119441692910273
0.13592108354736443
-1.0720017897850953
0.01811408744576417
0.20686017874112278
-0.2361759225209784
-0.5942243788874805
0.3484662523050107
0.40586613280524986
0.20599779549656927
-0.6383348810957903
-1.1609192350062916
0.44588491384864126
0.7607705656145174
-0.4153723464143697
-0.5173834562102808
0.09478334019684213
0.45888851266720565
0.6367446944918673
0.43244080004600266
-0.6790182626749104
-0.34341531559033683
-0.14975630451728444
-0.24505193520900606
-1.5190818017993857
-0.2754196504863689
-0.42399254346461257
0.2313666547767801
0.029869839771943154
-0.5333827441364614
-1.0621373450829976
-0.3952295253621053
0.4038811374577089
0.37802394139820306
0.37580220116196106
0.7004744745749016
0.9955245406901179
-0.3391265619813331
0.3112031629931487
-0.5031141719035889
0.17810346409021713
-0.4299223144059606
0.6572290816653498
0.44525696728405717
-0.5263743183031493
0.1491524083531675
0.19450854184341465
0.04252114121606626
0.3447506415861511
-0.2893555483250574
0.6779918695155044
0.9597267245243457
0.03178179449629116
-0.5190555994809867
-0.8162743461464009
-0.9540126289012671
-0.5569093809103475
-0.6674343309771374
-0.025060198041646907
0.00882774100294278
0.2266924623924254
0.19363718865568366
0.009902909893708681
-0.39346155808943095
0.30946540711306514
0.20576304993702899
-0.20405926182511708
0.34277929154584585
-0.02694612840083327
0.5691540622943654
0.07281376016774858
0.7019981275632927
-0.30984221884822893
-0.4650470847541395
0.07282966114031338
0.07328879064030608
0.10912692576855057
-0.20617566935348972
-0.35628449312936983
-0.07704285212743449
0.27946195937397933
0.32122711546737576
0.672648662023358
0.6540461290463182
0.32840998232448126
0.7128372002548123
0.7265953586417584
1.003497724813908
0.5499779030604066
0.6998032390428932
-0.8890185230413242
0.0611470864086915
-0.7088337105125581
-0.1545465849903654
0.24332505400122312
0.40055360699424486
-0.11240098282368041
-0.5647609820719758
-1.4114586073143396
-0.5687383822333851
0.05625760800226216
0.033143355364312475
0.193138657972743
0.3007841583262747
-0.11288845116503442
-0.14161179664012946
0.009126373464574712
0.21445724279663017
-0.20915731421545306
0.4003371243388362
0.2562491540487183
1.033396435515517
0.9665945401680078
0.9799164386418515
0.8983140089296268
-0.19064127571010767
-0.30903368667808134
-0.2572543188790691
-0.056286989357019826
-0.22164875790412156
0.3997071716047468
0.6067605165437435
0.9181191507800762
1.0975619337249913
1.0486638581296
0.9713545287839739
0.4383705619636831
0.8689710125020882
0.8506149308476845
0.6557440139714683
0.3336983409859946
0.397459869949376
0.17687035238811827
0.24113744028019451
0.4700005925191483
-0.5077714155785609
-0.1785955915924899
0.16262293315697063
-0.4893371336501402
-0.39081719217119515
-0.5072699980007249
-0.2595825240927022
-0.7188092761874776
-0.2641283724819006
-0.12093084336439433
0.14306610339826026
0.10416180360724658
-0.20491222560565517
-0.20434873333956213
0.12072488876073131
-0.3124764951923698
-1.198934491857168
-1.5024489502394431
-1.0071289701271688
-0.8036563286720905
-0.46945364216544344
-0.37947169886859566
-0.5202408959254374
-0.40141148067702226
-0.476437653342669
-0.3542286936247995
-0.055971630605682686
0.046372460064481064
0.2534100844730235
-0.08410415712619022
-0.019039945985674937
0.0018304009041032743
-0.24325318393386774
-0.172393470596102
-0.584388732591801
0.350137013935648
0.48842451389337727
0.4161362906493728
0.5319003339529217
0.452591004070593
0.2025763973542626
0.4172249207898541
0.3963982598589248
0.6017676643456061
0.7406301810739657
0.41380559160526925
0.45341758472734794
0.4854855624138488
0.28262101333406114
-0.31409514146508
-0.3683071295878448
-0.0024335093705024347
-0.37391238015927325
-0.2426174800012509
-0.10603498350777701
-1.3152049846800056
-1.1452644164911496
-1.8906084747846317
-2.030936503811654
-1.9810808148373829
-2.3167125184294983
-1.8166640725911716
-0.5612659067409871
0.10303462846228699
0.17106163069050354
0.3282161459903134
0.24200967421687924
0.296339209153725
0.5145030341653631
0.6127486155516894
0.41108342968659856
0.2670699344266375
0.2692508934250396
0.08364380139475203
0.3175104231723116
-0.23446260487532836
-0.20631377698078357
0.31946182020303526
0.28988885383628377
0.19039786253536775
-0.5692747013545609
-0.14515816953327204
-0.026417331501656125
0.425684733949918
0.41200754720943933
0.4946084820567831
0.6112215035949454
0.4580179665459225
0.35609521659630583
0.5365721179578776
0.47670620130851643
0.14198320317503674
-0.0772681462799176
0.21263450425962682
-0.6089113417203393
-0.13044687785597994
-0.33490185858043736
-0.1417112625074788
-0.8150552963216928
-0.39195801672996955
-0.37535190384399675
-0.8953814183019877
-0.4231658640783363
-1.2606217525818781
-1.9090950807258513
-1.3146165408740662
-1.8937683668365881
-1.5122799578361672
-1.434230639764969
-2.480753289354654
-2.528887495536745
-2.5110207090225467
-2.729457246128793
-1.6781266647846582
-0.7458842992597439
-0.1019153023312315
-1.4817539283480077
-0.6220224901733893
-1.6741409887065735
-1.7265602607525663
-0.6766167584592155
-2.068253845156584
-1.3440792776984125
-0.7287619924542122
-0.004649008425747624
-0.4386929520636604
-0.7654393979482275
-0.6214278322084226
-1.3332709635457591
-1.2992923848262337
-1.0809369953943508
-0.7349477342275456
-0.9766818493052689
-0.4710187522391208
-0.21925246433838005
-0.18464930719764494
-0.23500818858145373
0.10399474575896889
0.3558384238843672
0.4264533315272871
-0.04755201334233154
-0.07269627987888967
-0.15303544315453954
-0.23470175605159274
-0.010303707999414772
-0.16384216111099864
-1.8218272997153306
-1.9061323456053167
-1.0616542148013524
-0.28889879255931183
-0.5459748542137225
-0.470768862375973
0.12823668056914672
0.14303038082373598
0.235708636905185
0.38527137265570904
0.25715451123244054
-0.8155217483166852
-1.3375984826485061
-0.3484820564993234
-0.02819767004088767
-0.9937172809605399
-0.9340321540070045
-1.2103599494450747
-2.0287249378258627
-1.9730464868756024
-1.2147983926736845
-1.265042127037704
-1.2325820748398655
-1.0084595925154516
-0.6271753971357192
-0.23720662073083207
0.10284814782224301
-0.43249286338436993
-0.7333938610497737
-1.2366296974122915
-0.8214714066230273
-1.1339885808063899
-0.047618690272467956
-0.17873180473049466
-0.8756952963643215
0.020409931596655648
-1.126347026853717
-0.23335491268250058
0.310961534456992
-1.0053218282542893
-1.0119443911281873
-0.6294521705124919
-0.24499799977196535
-0.8292820931378101
-1.6815669742885175
-1.020714311783
-0.7317256608370526
-0.8267647685439263
-0.8917815695931555
-0.5926980679500319
-1.4816423318139145
-1.8851626437520852
-2.5087253607303257
-0.8108233925115713
-0.15547002320720849
0.238029955380081
0.5598283140856901
0.006003440521669139
-1.211114649773605
-2.1840188263124567
-2.2051841007281894
-2.6895377630057453
-1.563446080948929
-1.5080491611996147
-1.2866615785182827
-1.4807124070887996
-1.1392276519616886
-1.7623654609824402
-1.158710071149
-1.789439243985288
-1.5541730327204475
-0.33288343796316516
0.15269371995514822
-0.16306776580556678
-0.38758172386106465
0.11999836568958785
-0.7830330261343421
-0.31875137880328286
-0.2691874856413121
-0.6104005376252899
-1.0799359246213696
-1.2263013723375544
-2.420529529643751
-2.0798667851425945
-2.2674859529534155
-2.354056640877565
-1.8788456843011017
-1.1546741814881216
-1.044587950875837
-0.5863785443495726
-1.107208353354752
-0.7750021483051917
-0.19406262775666122
-0.05448842479336932
-1.15311080138757
-1.3654304068750267
-1.7783516828640098
-2.0218715473681423
-0.9316413407766724
-1.4270582377164882
-1.885031724734776
-1.5277629643559378
-1.97362015722361
-2.1489132691464823
-2.0146008910405255
-1.7150621933313293
-1.4031786072839043
-1.6872378250479474
-2.109097766960211
-1.9740548992976699
-1.1793259664558597
-0.7350148899825221
-0.5892402570158514
-1.0321809119724654
-1.7040065167276175
-0.4197076945186635
-0.2944526976828313
-0.22370122605004447
-0.12981200900234824
-0.21210962684138557
0.12404732528707649
0.42928753247149004
-0.20604938205744533
0.2983153810509065
0.6676356189970833
0.5511065720850408
0.8456795837423229
1.0628561036623596
1.02470209772562
0.6784766053816885
0.705826808305396
-0.3185537935551676
0.3297083540710121
-0.47934657281288495
0.3898440839259417
-0.19827404093133405
0.02548751491023479
0.295437644473921
0.6599393948309704
0.5098501096005167
0.039608273064933586
-0.11999976587692986
-0.8559742334766127
-0.30039885042925996
0.41187462137344366
-0.11625814238247667
0.17615813642339737
-0.1969112151275471
0.22552139076159713
0.5436156374129105
0.5372191770003352
0.5433431487269383
0.5889486283338256
0.5720080677083085
0.5957223832392925
0.2744654859724433
0.6012561959153289
0.6047762325269161
0.5305633656939147
-0.6697434895822904
-1.3379727128173997
-1.6866644389635423
-0.5784989312016156
-0.8853404287702911
-0.4355566139818036
0.21171881834772455
0.3679967690123396
0.2350048848680485
0.47878360780794904
0.14257568731644346
0.895982959181832
0.8017712516459296
0.442023143197276
0.9158348568612378
0.5436726978931442
0.5717148040877189
0.6847699023140011
1.0338746247995014
0.7518027826695293
0.406906330952715
0.6419868784567264
-0.6913210080914326
0.15488522125781407
0.4906358455901806
0.6070975860930492
0.3779263525829429
0.3919780716828351
0.20280784138445918
0.35837338945597835
0.3409208020857683
0.4079624787536207
0.33828859728243826
0.7278666118324606
0.8645449266171463
-0.2825225884187825
0.5288049108364179
-1.2386962542015523
-0.3293407961826273
0.3037563327291261
0.6756508070453597
0.5932795353986102
0.8792598209893159
0.7589802010862863
-0.03402508272164793
0.44732912011409987
0.9743420707724947
1.0383091229232866
0.687004992276589
-0.24968369108968957
-0.90449117382299
-1.9322949114855184
-2.1999825933554016
-0.4022956135374618
0.5438095958381113
0.5428086419223653
-0.9954147200656167
-2.2529031657180516
-1.8115617747090125
-0.7235069070655641
-0.6225972369453648
-0.8052024455214022
-0.4504251403300679
-0.8169457199166876
-0.2561649418341479
0.35176031844174926
0.05815416151719268
0.38131982415759713
0.3076282029481045
0.29338116237086787
0.5114821939306836
0.35350563519841377
0.5349301112460733
0.7469928081289487
0.7602724391250774
0.7862975520822091
0.9893057354367804
1.051490557067194
0.9817537735993678
-0.18527878690445773
-0.06756625997281944
0.07483044168362454
-1.3422305391979452
-1.910805807380178
-2.602271705717963
-2.7691468193843094
-1.0322476234668145
0.15179642767498924
0.46998067644944763
0.5688776528473455
0.6094747265505598
0.6134554547916466
0.5779710773029891
0.6723951207714176
0.550831930342011
0.7128214061391832
0.6161955411368295
0.0951354623193434
-0.2126905058041303
-1.4115589312754242
-1.8834101481091654
-2.075736847862385
-1.9894007628552088
-1.307692047177852
-1.1351268377542107
-0.9486410831239283
-1.8753844412454457
-1.1237931304339404
-0.13070681807246703
0.11823039933699561
0.6349064703056677
0.2885565533087481
0.033535917467454976
0.05802556420087854
-0.13692018157871563
-0.21400633218196943
0.1230669342619635
0.3992574967905897
0.4461861081232167
0.5506035400633412
0.11149150352670492
-0.6398265061791397
0.48321436513472327
0.7564252902789877
0.9722432820771915
1.101602901989867
1.1691520259262447
1.2094162656828205
1.241601926348271
1.216010217006835
1.3671173864371713
1.293568852865067
1.3296947452946384
1.2705144875924939
1.4848157293895587
1.314049394447593
1.3703877226489274
1.432963586604286
1.5292955764596226
1.3328688911117184
1.497590690948107
1.5348740641343377
1.6701844100604508
1.1834706792095968
1.6353459256496437
1.4113268631167828
1.2817522303560194
1.2985278095424713
1.327742278288218
1.414261424784736
1.447640888406946
1.4818698146509455
1.298529154184747
1.5978301213251311
1.1884924067127953
0.9243888372069538
-0.14109289465828256
-1.8746668679333445
-2.4179344053628977
-2.1585199718483956
-2.6218288163429633
0.16164182904157076
0.5716222006076587
0.5532297074771594
0.184750502912928
0.47408583089010525
0.6216364937208139
0.5214493406197636
0.7226060175638731
0.003863281008555333
0.1431283990909031
-0.16306702884880267
0.07597455949989715
0.3466868166354057
-0.3891513386402512
-0.6114557668946795
-0.07027502576759234
0.6884493402996615
0.8169357186924412
0.2314721989670226
0.5078942126375015
0.460754470167866
0.8326087914816371
0.9449974426734982
1.0817357820029976
1.1934083959151511
0.4612550074956407
1.0105697926908033
1.2917599987686041
1.2770433266758425
1.0867052867271945
0.8009502661645966
0.7891829574413165
0.9405448707791756
0.9110649831537728
0.9661987881780537
1.0001624373388296
1.0906398590614061
1.0960390973362826
1.1594674065623738
1.124371790678597
0.4340627230378179
0.7291999758166466
0.9961406121170896
-1.6255759536635181
-1.4378642182480839
-1.2216943552363175
-0.33713076624706784
-0.9566491929395265
0.15496086047119717
0.3421029623961717
0.19630659849953624
0.7975845211327233
0.8115178059334376
0.9767697259241203
1.2792323923188529
1.2810019942569921
0.9742911112472448
0.579870808193816
0.5143716310993147
-0.8995859196836227
-1.7141464866926306
-2.333272648946365
-2.0238526447446756
0.06758579830809122
-2.0600081962342442
-1.9956815597936128
-0.7701613527204917
-0.73631954609517
-1.681701870203264
-2.6554075827049948
-1.918023866545675
-1.0849561108300796
-0.7948008658606286
-0.09366613858111408
0.006158814095106324
-0.31004680044104227
-0.7983903281457667
-0.8965708873167613
-0.049813403029479404
0.4310653285014458
0.6765301404169524
0.7958368375952047
0.8338795442588696
0.8960471358381835
0.8634115719231761
0.9400475816490093
0.18617391390037832
0.4105965142194754
-0.38482363893367755
0.2724097253151273
0.3940381680209848
0.2598189895715375
0.4831751512482698
0.84341936829816
0.8219586443693531
0.29566562050042
0.9194747108064008
0.7860769932937156
0.781167059181147
0.16146074736939103
0.24158911458651852
0.1748181835605597
0.19663655837821936
0.21830730786613162
-1.3585615717686956
-1.0209912312958047
-1.93095191877965
-2.267669753942329
-1.258588735571179
-0.8630778708162878
-0.7273320614785019
-2.3081440887906504
-0.6719925308527362
-1.2328945681513752
-2.303918842976502
-0.32960853621187347
-0.12144065497858933
-0.3630381943046535
-0.3272461225265673
-1.0394059656896724
-0.9100105467035859
0.038648883605086
-1.0797634942411753
-1.3973575314347852
-2.1051838814959702
-1.5593440657647664
-1.7988134327572498
-0.5832547241205328
-2.551665745414085
-0.8331019583459891
-1.9340989538927726
-1.7257893543377048
-0.025994613642572245
0.8746233569983103
1.0637316698050323
1.1289296745693016
1.0497862306376957
0.7653431480872926
-0.3701730564492967
-1.19645930222727
-0.5587506738600792
0.3407930304844798
0.7086896058695218
0.6742650160240848
-1.2782278869236108
-0.352344797454379
0.45606332095832036
0.5885720553172507
0.9575494269008882
0.9604071517359146
0.9510774419036914
1.113655647312721
0.8289404444467138
1.0220323223431496
0.8804875118367532
0.7971502424183845
0.7633602652995813
0.7899385453313785
-0.6294617925432994
-0.334355226269278
0.37979438877118565
0.9168764566143484
0.23145762377589485
-0.665636857121256
-2.7056755219535873
-0.9617616431898429
0.03334811237237545
-0.9550049361576333
0.5655396420169861
0.7808060151766226
0.5305097099094351
-0.17641601585981004
-0.22951506063697377
-0.26903220077780143
-1.0006529344238217
0.05420478944815643
0.6176100253244696
0.7256148031613572
0.5379085921539019
0.6695348242158259
0.645552551503106
0.8198028859964069
0.40650559666503233
-0.8469045537063771
-0.24673103469603477
-1.4615173923334193
-2.1901005389816057
-2.2771375443464823
-0.4004174699267004
-2.0977127783190457
-0.26352103627205414
0.5149689922029491
0.8905012548707818
0.7646910275378866
0.4193660932715948
0.6172134647681085
-0.34076424733200494
0.5564958434552636
0.7331557937283633
0.35182074642163114
-1.2639513555192758
-0.35068061039500836
0.22148340138977507
-0.021050468541052355
-2.426736387021199
-0.5906475995098305
-1.666451336577853
-0.3424300663896186
0.508209981546756
1.1367750011213205
0.9643224187618757
0.7037852632557895
-1.493097236165977
-0.4624996585499791
0.4841949078985577
-0.02616617084393467
-2.1763530374297417
-0.1423366370881774
-0.37503669605859963
-1.1939039008870043
0.24142425098768097
0.2522083987331353
-1.9115708280926456
-1.8877206712701238
-2.5788305525000492
-2.3148461150284683
-1.0225177791145372
-1.195193217462021
-0.6247864664382511
-0.61257139634687
-0.8045815003646172
-0.7693676014585309
-0.7422303051976109
-0.21481186305431968
-0.800611313599231
0.18362874220832232
-0.030560556759886955
0.4213788096421848
0.40417855377906503
0.06777602726066059
-0.4898569667866082
0.01773532125533319
-0.5604611110548117
-1.558660815602475
-0.27087468628660816
-0.6152380768569038
-0.7231783053690937
-0.17626126987281152
-0.9248914321405894
-0.5036084409922418
-0.009158930718652342
0.6617317790475473
0.8483255379384322
0.8457669107248077
0.7720324672173811
0.8357957822002308
0.07480411324566019
-0.19150860112358123
-0.08513142081179462
-0.4708540706867123
-0.3821680150049101
0.05252661011945687
0.2104296344166121
0.08992674155115883
-0.3614751608173272
-0.20316349803662465
-1.8456130766241228
-2.642996270113332
-2.5759313028298005
-2.6027335129989027
-2.529504506814044
