0.42509858920537386
0.3402787711226666
0.11114912550085049
0.2989588911074957
0.46963713233710475
0.3874235402488999
0.021720942290183547
0.15993403929632274
0.13758976621925084
0.3425583003398002
-0.4761900407734006
-0.5271474807471074
-0.2594034906007057
0.07113685818268217
-0.19599449400212424
0.16727234527990678
0.3419112757798229
0.5306777403629145
0.39765438525262214
0.7271446598061151
0.6782187034553324
0.597280957705069
0.9169885519965589
0.7765837433041927
0.913162755047182
0.8328691322631236
0.9287608607370846
0.5523984677236535
0.3720680982736857
0.3908396206144239
0.2642749507496296
0.6460785837704784
0.4029242160452814
0.5856860684454781
0.5561840733596355
0.25641083632451367
0.5778699819860624
0.4323127802726506
0.41228882905955283
0.6804912160221709
0.6766189250789851
0.9476005608333327
0.7426004279100804
0.4694775017294664
0.48555838620374386
0.21167747429559336
0.4310919569549197
0.6493095472028211
0.5332000671553134
0.4770211273817518
0.29623531057632363
0.21657174691472608
0.07929845236679917
0.43710977599521456
0.14864728474094005
0.40177000120660433
0.27792507241755116
0.1984731254041411
0.7453216693145674
0.6816551609313625
0.8025641119294296
0.15913458039822964
0.058759026580390755
0.1872367158238418
0.29289643295341733
0.04885149410871064
0.1279004597976119
-0.1367858089345694
-0.5111682241325848
-0.25715911409311304
-0.013956630361176036
-0.18990864703136118
0.06731157872693037
0.08702358140346102
0.4968659335608266
-0.09105669956701125
0.25564969537202
0.515527774841796
0.7202068727329881
0.6972883624634488
0.7927100015787438
0.8244561239437206
0.7112410042173071
0.5151049908979027
0.874374621351425
0.965791095915437
1.106592764254457
1.0917439299190685
1.0834532614734542
1.1675447080468873
1.2176154163558315
1.0268089244754894
0.7618747564476259
1.014795996679185
0.3466748732630045
0.3709937727183069
0.5754135800953492
0.8220015150527764
0.8307845343221136
0.7461750347466715
0.9222778892164809
0.7712192485488575
0.7648863391724171
0.7244700396358239
0.6987531057055929
1.004140664882889
1.342852148865891
1.3231092322433096
1.2754631431240915
1.0451737257466063
1.0071463943421113
0.9221625771391161
1.2368055727340366
0.07698881676669178
-0.22794121457318173
-0.259735365319804
-0.1751598311611579
-0.13729762812151503
-0.02376190719577401
0.2472827305374106
0.15859656173306394
0.09417593332461693
-0.18319918250774986
0.23096077876527715
0.1754110487987156
0.2198744378970788
0.4455112465909538
0.613168426653328
0.6266882904183441
0.42223025653028584
0.9059938595179138
1.2379901977031755
1.1503957475493463
1.098803772486507
1.2226743472050587
1.286864972036996
0.8474208426901102
0.8363648199949079
1.079167651916711
0.6939694430316536
1.1010905794392425
-1.141810658431842
-1.306185370631538
0.30707611307701316
0.7895385108075074
-1.2053649104587845
0.7796623518562247
0.22098944006130186
0.7488467154384804
-2.1712039019839193
-2.7835810737748
-1.596902679438635
-0.9355170051425151
-1.84858987275071
-1.7098088960558862
-2.6662490824487097
-2.1495193846741523
-1.7078991983767222
-1.5387138212419493
-2.4270664786672063
-2.8928809162980125
-1.9945679849827143
-0.7522526865034879
-0.2137704478840399
-0.07500033312549145
0.3215955522624589
0.7042600072016434
0.5525189097040604
0.6507909809655327
0.7356882740533356
1.1183388525491154
0.8989680479533454
0.3097575883055675
0.9012609642716862
1.1668201009477224
0.9484558206968499
0.9961791852882059
1.2512527857122187
0.5800717773504033
1.04144427441276
0.677513996588318
0.8689472520233978
1.0263139864455373
0.04908568453545949
0.607972618152412
0.8092848393919041
0.8684661491206662
0.12999001212736966
0.5449734774303987
0.4897763856137636
0.5043965068342465
0.8067673084987003
0.829869505223894
0.5542936024876363
0.5718432644078425
0.289970702490771
0.15231164017220647
0.23422421583145256
-0.7167798510491242
0.028271316050035983
-0.23094960024112088
0.19152490719047066
0.23701836107536453
-0.1990732364529694
-0.41837162472365474
0.1187782153652376
-0.04659044056325679
-0.09063920654762758
-0.46965509297040803
-0.7552906104226288
-2.7613178646324363
-1.6207545199660311
-0.21353346483658817
0.09966176754685084
-0.16740512665478538
0.2605676419939648
0.38927091433554756
0.5107414765097111
0.6625064230150997
0.5536060297990496
0.7882739145306724
0.8458133245442286
-0.08425735995421621
-2.3194804363907893
-0.5398171117094224
0.5586480851094793
0.24167155230868098
0.7873608459861782
0.585512661039141
0.1623379858603912
-0.010156102944427325
-0.9762296085469937
-2.2778277216280753
-1.7856399220292853
-1.100479933663246
-0.6408455550093832
-0.6349541230091528
0.021946532105771435
-0.047684493609834365
0.04482422890686237
0.2212132435846188
0.4152328759063682
-0.858517491604933
-2.0946972071743244
-2.0174430698883863
-1.3141558497667754
-1.112385774365334
-0.8367173724115933
-0.937116430412388
-0.2861224097002661
0.29720745511139035
0.6836716841385715
0.16456146904585786
0.12604438769946327
-0.9961908374355327
-0.18191961750255328
0.25289302430430133
0.5329114279042287
-0.5042822257575226
0.2510976144270126
0.02759642317813364
0.29639458865297685
0.6283166250555017
0.27414707592406096
-0.10045152532233732
0.7719582329981408
0.9786345893353379
0.4925566999614875
0.4368350635655624
-0.35479545268007145
0.2720962243818027
-0.24469130612151782
0.04545494513796307
-0.07559347233414258
-0.31506969362420806
-0.6977773522016446
-0.0733624323294223
-0.7509967348696976
-1.0476555176655915
-1.1755753826112816
-0.7380627605743022
-1.0455322740341786
-0.967151286331816
-1.1944718519886341
-0.9557598666683699
-1.0621446415616114
-0.6981750817696968
-0.1154119921059021
0.15493255391330832
-1.342880732293331
-0.7047924846665339
-0.7868885873736097
-0.17144154052567967
0.4411187395888018
-0.026896900452054687
0.12700562512409125
0.19792448842774432
0.6171742632439702
0.6243851967713587
0.6787940340022225
0.2912076760046154
0.5172904995222676
-0.004489358752385557
-0.8184926625874079
-1.6947897572494262
-2.528936757478816
-1.276959744519011
-2.6498135181547395
-0.41725346424667864
-2.7316070588225494
-1.4825275690761373
-0.4330664044965619
-0.6918775391994195
-0.2120704418681437
0.16599123610837205
0.15347187739208565
0.45671573857352243
0.580995672402351
0.5327623857390903
0.1774912581160295
0.32879680815249124
0.5375360251521066
0.6585594491439134
0.762962124119662
0.9254777889268484
0.3962673508873457
-2.3501514163186474
-0.43673448176514096
0.25558107259126006
-2.473862811812868
0.057032060270223284
0.31714086769377753
0.17774351011573564
0.1247933425219924
-0.07160401823830904
-0.20577594661424828
0.19170287884912365
0.33037955422951537
0.49571259465501266
0.4239175161839948
0.2578725932154003
0.05477012822257935
0.5213216876327106
0.7942477824879511
0.4130321146952094
0.6269037669336717
0.7154768779874333
0.41335370759547757
0.38588263101798226
0.2784640347759145
0.33055083441545147
0.08774740020027423
0.29858828272545235
0.6137482916659465
-0.5331586803543409
-0.4921869506780232
0.1949226585839636
-0.5098373915132681
-0.1498757819658958
0.9250679375961428
1.2378540719719302
-0.407132317072731
0.09188086201265418
0.7004107748752592
0.21790074838304876
0.8411112607182832
0.7375688324291826
0.34387735339470155
0.10037263054648231
0.6540967054482015
1.6220997137641546
0.35798700272980866
0.43087828957052926
0.6430534963343995
0.5892887318020997
0.9019417049414437
0.7471039610370019
1.1108877762663925
0.9598661691875382
0.1424490355407248
-0.1715763530426485
0.32107344163246215
0.5735525675928156
0.8147392184051279
0.6904066731692905
0.355772415871664
0.5552561897461749
1.0199784251170374
0.668130208403867
0.7419080406197117
0.6950655912954213
0.38271183961861743
0.6589616275775233
0.5001034535189904
0.6493453337502172
-0.27076825013013417
0.2890043386781371
0.5343590306094091
0.8389579518192252
0.5711128453991475
0.2104814167098537
-0.5527457554677695
-0.3091551640162471
0.24337247405518647
0.6383271035456691
-0.14550501888138076
0.07076699169073777
0.061672242691402764
-0.18398995862478473
-1.6098518775114832
-1.0759948985754593
-0.3835216796928905
0.0697472606225603
0.30263916224213244
-0.034159084425344086
-0.5505525797897342
-0.33725162204795966
-0.04066545439950541
-0.04970120783227781
-1.708380619038318
-0.4173027164770315
0.25217964524865166
0.07898268074464153
-1.2499761805642688
-1.2061346062165832
-1.1743282090427563
-0.7909614742797004
-0.577906877317096
-0.8946808465172031
-1.416240355221162
-1.919553490298156
-2.417320084818279
-1.39991794196357
-0.7590564962135816
-0.17012314835994471
0.0712441966388513
-0.19314021220030705
-0.3478458565281468
-1.0439205960087665
-0.6060381972231731
-0.14467216746707973
-0.7698813604892969
-0.6625840481896558
-0.03402324182823163
0.13870311062128338
0.3164927973181874
0.1897193121648976
-0.6259281846878761
-0.07172164717497698
0.44685599084682853
0.8129972586905191
0.8091840059928246
0.8668390675210104
0.649140318736298
0.5438886022375465
0.6960199438396273
0.3810423165277092
0.5885372809481829
0.5462447411931002
0.3290857055973055
-1.1044591512060606
-1.9297688343354584
-1.2291864623203246
-1.2906620452918367
-1.6374948463133756
-0.8756560472763855
-0.10537212510359883
-0.7831334256025027
-0.5919782327110371
-0.7059125859023103
-0.7708207692606425
-2.2436089248350344
-1.3488062652977895
-0.6635604454531304
-0.019022452033370368
-0.4149858855931202
-1.6353226907034162
-1.2638697482849766
-1.1408527438787905
-2.286401693156188
-2.209160897128956
-1.5902138639414638
-2.5228503203090598
-2.4648114743341365
-1.2569450832368039
-0.03866776429233767
0.2270101402207985
-0.04276264541387734
-0.2666566036894865
0.11150437584623715
-0.35637894476363186
-0.12292297720554321
0.5188489328996213
0.44390877116928285
0.3873750333947205
0.5550233851313658
0.4280303342472985
0.5727838912555263
0.45687372093838774
0.3619205488227417
0.4441427870357128
-0.04243745375897917
-2.134826932173295
-1.0266925305638321
-0.6555080885605556
-0.1408534982955514
-0.17165641039887247
-0.9128659502885765
-0.7542936937654015
0.13107264627344337
-0.29551553438532896
0.4007399781334608
0.7740608240599347
-0.38199319005840526
0.6834376698844639
0.7722684485330031
0.9207954704264544
1.2208770571834866
1.0055654686314268
1.1006459565218654
0.8196103855618934
0.9446306167770798
0.4353726174184615
-0.3078414520793406
-1.7204166842731514
-1.0229990814765655
0.2751894738895708
0.7079610563909255
-1.7657479784310957
-0.5930425054391488
-0.3807169519209012
0.12867221805477205
0.2982149771987486
0.31492782640138167
-1.8893051732021184
-2.3531446177879145
-0.3827766199537738
-1.6932035315688674
-0.9932704651261789
-1.8624360430199087
-2.816618695396798
-1.1713260153102079
-0.519013421884115
-0.9207047511978497
-0.1042452706609117
0.2846795497026786
0.3481422264464543
0.07814115049563063
0.5057047864209763
0.5003936924519016
-1.240270560602658
-0.4899943286528006
-0.06952550355746925
-0.3548072121152834
-0.5331961188207248
-2.1069762859399415
-2.439944826999554
-1.7943301062786186
-0.8630552655249389
-0.5392383975449759
-0.19443177057733835
-0.32355707448553694
-2.001107599678118
-1.1657085452409486
-0.28845709274932996
0.0037651000737179735
0.12117407305478113
0.3409404820512983
-0.25794124343341146
-0.7487766993754912
-0.7480445984401874
0.03235292979475484
0.5341063681778536
0.3117464401382464
0.390182948405052
-0.12749083867356661
0.24651417511965015
0.08968099938773647
0.04762181508236154
-0.11848702864812356
-0.3439271678282369
-1.507909788955364
-1.8893314179030416
-2.526687918442709
-2.197834108292985
-1.2507379393394238
-0.8229217863095906
-1.5857297528541534
-2.076253716182373
-1.1445246984867692
-1.8715744277411872
-2.079218639611137
-2.0586934121449865
-2.4365868092952554
-1.77218329651565
-0.08451629814260693
-0.5907940949239731
-0.5558763917490815
-0.29969403537867495
-0.9808689681367334
0.3250069246144086
-0.2060456339667736
0.29215974026347225
0.9106679499382621
0.9472500511799398
0.22836765709312445
-0.1466889308770786
-1.0839193771276796
-0.502721535610531
0.14743603164678515
0.2529729797788829
0.0949636974019464
-0.3154798739208018
-1.3135986603678829
-2.3322803470035134
-1.0825666002031928
-1.2376377559877785
-0.9938982956233724
-0.8980885038891581
-1.5373580529964195
-2.5413597575549733
-2.6424675163372933
-1.1471096226287054
-0.8661174398965021
-0.9592459134866276
-1.9361030304513744
-1.4073374972095654
-2.289456116945594
-2.0793887069072845
-2.2561552559644995
-1.2566951250513945
-1.361677611002444
-1.7683201438080902
-1.7975705534317445
-1.8044191702206582
-0.8252947259295624
-0.056382924081898496
0.21692767704079138
0.1477333151033738
0.0621444434840252
0.1885510882191052
0.11211985143795948
0.09401086939134758
0.20544439840874854
-0.8452798433915502
-2.9282873765415283
-1.4954089625770577
-0.6021245045866727
-0.8591983913953182
-0.7684619887085095
-0.6938446245155411
-0.22693513212722213
-0.82012827107985
-1.225461121778103
-1.3397313769203107
-2.1068287785700948
-2.608925699385641
-2.577892406923115
-1.873852853393036
-0.8664666184619112
-0.5570556122074288
-0.018261429896100165
-0.09167160241797209
-0.1031433495328424
0.263383459302649
-0.7104866196558137
-0.0957788632555162
-0.3510449913309978
0.3954756623431739
-0.01344250508467374
0.5955179826954029
-0.12179501653286655
0.4536319034687351
0.5469974108963117
-0.19088974156086622
0.13955885691867423
0.34424907566625684
0.3571897322211745
-0.5486167847540311
-0.06607681876570133
0.17157436379440097
0.33023426931452987
0.5475428085637087
0.3839932681606463
0.22923187702428519
-0.1936736349767414
-0.31064253181033197
-0.28722065372152905
-0.2334938133444091
-0.009452095960845897
0.41501241328627614
0.433972822938666
-0.34862319252880897
-0.44608535814205447
-2.253790036957004
0.1449905091105953
-0.3219990075616796
0.1856731205645063
0.04314892942864327
0.06446043310084977
-0.6548990755581253
-0.8872581961996269
-0.945006283033662
-0.2657464611748039
-0.3612040880904295
-0.12644073790880878
0.039901860347728614
0.3378776542180606
0.3787746194572483
0.1791291774631546
0.28340172221976917
0.10018250924167388
0.15951522262829415
-0.003184641697345147
0.31147967424979417
0.3286378519586038
0.3419610065950199
0.1541663165045535
-0.30467186179129796
0.13152013163601234
0.3329539577744369
0.10012707741683508
0.0860460400439029
-0.09296787250867691
0.2806901713114077
-0.18557122860528877
0.011215834433521307
0.14598426951477536
0.18476757764826635
-1.0850827888185366
-0.639270249143206
-0.41993891239160436
-0.1855393704645738
-0.06746031594269905
-0.11314014745893476
-0.17107020238080475
-0.06412980191823768
-0.11921162827429096
-0.5736605522451784
-0.6449857248670307
-0.4727769798282206
-1.2769174128786167
-0.3538294495094261
0.31385445610256707
0.40514563809753906
-0.21857389777191313
-0.6777436020814417
-1.2088098201626039
-0.6223862214116567
-0.10423031761775182
0.12028135241162441
-0.23323029513246243
0.09070763082797301
-0.601977967497858
-2.3221003793070825
-1.6819484350930953
-0.7074241584940542
0.03248409240844314
-0.05949061090749156
0.3395439534477013
0.036665857935239986
-0.2919074334607785
-0.21277378362463692
0.027448513599029806
0.18906988521032253
0.09975471725637207
-0.682288943377343
-1.172679578554627
-0.4113636737919334
-0.5663169408157035
0.08588077739651535
0.0635192899475487
-0.35354588654095503
-0.2285822469282125
-0.21173722702046452
-2.0880027995029544
-2.391561387378417
-1.5580190635650357
-0.21735256748755166
-0.044528150775700236
-0.46652299891280596
0.13904304223033176
0.31759506078945077
0.43458291658727344
0.1158603653650235
-0.3606563135287269
-0.6045655944623803
-0.2334852912896499
-0.7680605201037315
-2.299988447604052
-1.0614104057364437
-1.2945622198583175
-0.8214088812469967
-1.681574995948958
-2.3240387975440213
-1.9803027448926187
-2.2563740667231214
-2.3428991705472053
-1.409506173908552
-0.2743298073149307
0.09803157475876843
0.1683258834961496
0.2716055274382801
0.19148751347039994
0.16480113137402372
-0.817648357280384
-0.7310786820206857
-0.24661818489217563
-0.027252199738702847
-0.37579158645811367
-1.7502850193805342
-0.8459894509722384
-0.13363325792498132
0.15814258845742585
0.5295225527799228
0.35905885264472764
0.22059613132995692
0.4930333873168224
0.7781484984753206
0.8101594684709958
0.8036228338312421
0.28925997139875
0.5966629700478793
0.7678668072301371
0.8745981265050463
-0.044421466740741655
0.2994321997153971
0.4197426332658388
0.45309633265417415
0.4691160504789623
0.35849892257071236
0.16971622387850374
0.5150633687372812
0.43653727443784734
0.0948909567923513
0.42633489685828785
-0.20012163210043432
0.2497460276623384
0.17662294249842742
-0.11108270768083675
0.3650924499298499
0.5340640042885066
0.5635075467659914
0.038525635225570995
-0.4363802555632905
-0.11452290184952002
-0.5713643759438278
-2.209900725544742
-2.176361781958357
-1.320048783985045
-1.5064987005322308
-2.5133762598829192
-2.6365726146421773
-1.1511412752277863
-0.30242204167806586
-0.4239464666248098
0.09619414706723753
0.3574336866904559
0.21380268164210545
0.31706922336143084
-0.9082477908887744
-0.7520678263856936
-0.2673427376792605
-0.12882832124298454
-0.25238595666267044
-0.25700210863930456
-0.4527416009085218
0.013086032401980651
-0.01718125154363205
-0.74687468565985
-1.595029119391597
-0.9673626061136311
0.3036035313470946
0.04247176483118427
0.16124438104971703
0.4190164977680781
0.7227325745830397
0.10561605184852713
-1.1905187904710073
-0.4282060456166746
-0.03257495963144559
-1.3820698630079833
-0.3101699222774839
0.14269001472532294
-0.1049747837871912
0.17578593998990322
-0.027840501143005226
0.07926765819169854
0.3124068526855975
0.2981436383602187
0.07872137986160048
-0.01824722776143243
0.45074745609694516
-0.02280912258422887
0.04058859921677162
-0.049309990415468435
-0.017000246381533735
0.04462936048563879
-1.4962766966806276
-2.6096626182350797
-2.3584024546162032
-1.1380414710525524
-1.384602624271808
-0.3642772348076317
-0.3265937683258965
0.0380853266257815
0.08069418535721663
0.06317554741154023
-0.08547181173760349
0.03683387610006965
0.00296900812330929
0.10491898872071106
-0.8645374136835435
-0.5260650896617115
-0.39787122676840125
-1.2016390322301702
-2.325237987014278
-0.8867113952417524
-0.3645523922752931
-0.9790315120166243
-0.7029262827730719
-1.9051112729656505
-2.228033539699646
-1.2587044730103496
-0.32575226226037973
-0.42091470754509797
-0.058009970989233064
-0.4904726068987028
-0.3395550300631598
-0.2767990107597746
-0.001593914655853911
0.10462628708237684
0.30673197514836775
-1.2426074524609194
-0.27215903656821394
0.19765143200564203
0.2819020452730419
0.29851343754879195
-0.06190276645910225
-0.3314395106937203
-0.41329308239031065
-0.8238587596547488
-0.43226574337178925
-0.36628546351675784
-0.28427821523820307
-0.5909106906305731
-0.24292203571787407
-0.19260293079062135
0.2079824714669293
0.7843914052336557
0.797232083556611
0.8030093730707847
0.5383416274470553
0.9114841866861163
0.5618804510527469
0.18561740625753448
0.10880611753947897
0.07418065043300841
-0.6862478462658157
0.10882617856980857
0.016799466659460107
0.0417650419360649
0.3579176244958367
0.4519069934688677
-1.286565815265926
-1.6773186649248828
-0.21051607647915538
-0.9277983997507722
-1.228386566382034
-0.7127340707289828
-1.2068748037061614
-0.9165708120671681
-0.3198465164773891
-0.2622044325004719
-0.19953307777352533
-0.42564590722626666
-0.7432734665121171
-0.553460923026727
-2.0137669689082096
-2.433854827425149
-1.6884830730626121
-0.23458694141290115
0.29956851510071847
-0.11098981817891977
0.1920281494994997
0.25402041552918897
0.5147583030545368
0.3688594154821019
-0.26185769264862085
-1.484674506436783
-0.2612039228905086
0.2588180288122361
0.16558984310828373
-0.09367653541062387
-0.8103481916792779
-0.3754544516015374
-0.4730235253975979
0.011600830476486508
0.23150185492381214
0.08962547990208537
0.35002120724796937
0.27175392009265287
0.2555304258494807
-0.14410946891725637
-0.43673163050380526
-0.3133099970954406
-0.3328291451497314
-0.11968518247361054
0.07210634031206153
0.3658723394840219
0.02714597719309726
0.37260832115519826
0.8227258347842001
1.1062036081018396
0.8081446354154525
1.0599538028425701
1.114058936555885
-0.4032817793714122
0.47155190000763336
0.3887882750655386
0.45562124294555234
0.43663397253564906
0.17886212676909338
0.4047766418116569
0.23665414474304947
-0.14939619628566336
-0.4183403849437258
0.13552602601121636
-2.4458515262790743
-1.7925269864126507
-0.17667184732975394
-0.16181526547709185
0.18142454270897915
0.3132650374427943
0.5491208223913705
-1.00859793773985
-2.2405168764526104
-0.7787668970037064
-1.4719197040621723
-1.3898850654493942
-0.3686775278054115
0.313841379798513
0.5921490245264894
0.3956655731565776
0.13083249334295277
-0.7200849774316115
-0.03502108310168575
0.20914785316466977
0.15203258904022734
0.06782120905614004
0.3646714124012034
0.6504633063747771
0.3097221741120838
-0.3034081709576567
0.24778478061953954
-0.9033166315240886
-0.022972284768891238
-0.020845048050177707
-0.26381401882435257
-0.5773968862315758
0.5143626623948768
0.5289757934138567
0.0575021692146208
-0.6166802975986679
-1.1157015060422464
0.5264093567524377
0.7113967281377716
-0.30467178639808024
-0.5093135323505138
-0.0002718834220976118
0.4564812725460572
0.6184351996289587
0.4605803619625722
-0.48600064740068083
-0.5338154829140511
-0.3332422332043947
-0.30580215630816576
-1.5550635157957344
-0.26830619078735435
-0.31089085058754873
0.2019925279743911
0.009072261298495185
-0.3603237200695434
-1.037923951335353
-0.1451167533972372
0.46104925476041175
0.6121120851179711
0.49517801183657795
0.5416749700980799
0.769198192075999
-0.3672245417746267
0.23207018373881727
-0.47946006887830883
0.12897446493235995
-0.5892640199577655
0.7105583663992326
0.5818096817013132
-0.5885033802023949
0.003677434198684438
0.09769121326267384
-0.09821222766442438
0.2104393589274816
-0.4871355413686921
0.6331098794130747
0.9478529259190633
0.06727127709142065
-0.6668234084170761
-0.8393610063661614
-0.8225752444466662
-0.42156545019232144
-0.5697869135401515
-0.00832584316785426
0.05171858984732114
0.18757330100192085
-0.10075658527715133
0.03925494349573076
-0.47553338069917833
0.25907250433059337
0.024154130573528845
-0.3358277227762564
0.22463129706461052
-0.1281800163699082
0.47614191838374426
-0.0635204908284382
0.7684904955934917
-0.41354167247787543
-0.6350077080713743
-0.10493546337169994
-0.07854284559648586
-0.03740601716535384
-0.29192383840169167
-0.3040442590942993
-0.07798900229755666
0.2707241072082764
0.21228779499248007
0.5961605744365308
0.7086038703731885
0.27359620050243416
0.6818787503116714
0.7126885169792502
1.012848122994714
0.5119702997946542
0.7657625085501288
-0.6528459877530397
0.07784924512803436
-0.6127539001843053
-0.25343230091628605
0.13408312923955878
0.30007368639043247
-0.1620311322529217
-0.4925758057877154
-1.477486745421501
-0.29957629411563286
0.18681799377749841
-0.017456486160550594
0.21505319134007073
0.478661006775448
-0.19270090789555377
-0.33993502249887375
-0.004893627074510229
0.286535160913568
0.011216145607449903
0.2902867073324424
0.029124395817265412
1.0893870047150183
0.8836090878729309
0.9735644730491251
0.9846651965890376
-0.19813312159493196
-0.3962936872635422
-0.43509647612492464
-0.11398992669768696
-0.4299098673461479
0.19289558057409414
0.542829283498745
0.9622685777057497
1.1159676838078814
1.0389647026837587
1.080798009063888
0.5081766178566787
0.9598583028657972
1.0688112175630589
0.7199707725611795
0.4726400187083735
0.45212600062940655
0.3179449522160028
0.3543955306315077
0.5919794080318771
-0.36032098834485127
-0.15331734683968656
0.20791703235113185
-0.39557427394101397
-0.36624263452684885
-0.44182926435732317
-0.1647704164915086
-0.6741727916039079
-0.26217879857079285
-0.11728286556044501
0.11449521383449912
0.23832028031802077
-0.1846391165221029
-0.20773378321332275
0.1742166109955548
-0.2066122882957134
-1.2163851796216951
-1.4323506521195057
-0.959310255210976
-0.6931572926230806
-0.5550572947569946
-0.535826036540122
-0.44057763040494025
-0.31497386895966906
-0.35886581239438176
-0.28571965200894367
-0.03641895870763838
0.24637011238198817
0.4338400480905033
0.05924111240645901
-0.07771033082633286
-0.10732700273672534
-0.28432858729796046
-0.1863284558797987
-0.3444366106999986
0.3739607554737619
0.5388120485978125
0.4070621971890929
0.6087818770733446
0.477970199710204
0.2935090316733436
0.4360559431688031
0.4038558055456383
0.6293214653640952
0.8177045842726005
0.4927335429238477
0.4947821351348423
0.48252237066453624
0.2755750274578178
-0.2624558083758303
-0.362587521199217
-0.06024114560312035
-0.5356240423975135
-0.1952700424103797
-0.16936370323374844
-1.377377827902918
-1.0586525635916622
-1.9451037305037446
-1.9430314394411383
-1.8673686827121105
-2.294760301405226
-1.6047100809516703
-0.39430654473641263
0.1817410653412381
0.1569892189733647
0.3142031150423305
0.13137816494444238
0.22652456405787375
0.4690844227011967
0.6277804682817871
0.45598555094003373
0.26243579708088616
0.3603284972941974
-0.03842563626934049
0.0190441574427122
-0.23582649610657908
-0.3153648892398795
0.07964279799536773
0.27470770694912766
0.3161567705118804
-0.7077318334321016
-0.32874371780288697
-0.23477152654987346
0.33285501693498026
0.3046039129173553
0.26555138631338804
0.3745707262187648
0.3203311088725361
0.16409051283284495
0.45610872314875944
0.37404131733741774
0.004715607219136798
0.1447428736227725
0.4566642415176158
-0.5151139644873494
-0.02021401293271664
-0.31212755867153186
-0.07887559577910588
-0.5974057228126559
-0.4371695290468541
-0.2872386418594149
-0.7728460324767082
-0.2891264866959278
-1.4889358025742994
-1.874531743880552
-1.2165043968859277
-1.7879775873222519
-1.396545129096075
-1.414340180624208
-2.6686149016175724
-2.5058622294211235
-2.662460860514845
-2.9621318891593362
-1.6604189623912107
-0.6712304653155913
-0.1062611917612929
-1.3372885986103595
-0.4878025421011257
-1.6264468287627225
-1.7762096802219496
-0.7746766386511376
-2.3392282372613193
-1.3083832948284024
-0.7722860464534906
0.04200273669784793
-0.5633082676510585
-1.0951771867709705
-0.985480310589259
-1.639140495320192
-1.6490519080359214
-1.3626801367018966
-0.6924939436920831
-0.9609483421262183
-0.3797761472707513
-0.12017734047033746
-0.14972978789418606
-0.1991887664621063
0.3537136631238097
0.6545839296581273
0.7291514160996266
0.1350740036489836
0.13106149127634803
-0.0521414987527892
-0.017166347163305232
-0.07295146825010482
-0.06928171840764998
-1.6027518516780932
-1.7344927691671705
-1.0451262012423024
-0.3872061705601638
-0.36885183281520645
-0.2717018798226124
0.333356736440705
0.2310758150040172
0.27720402116776505
0.5357385093902477
0.3640282486213137
-0.8797597158284189
-1.5590423415563182
-0.32866156392290485
-0.020985342894105107
-0.9887929777832364
-0.7958914664979567
-1.075219022642203
-1.999082619107977
-2.102958047455773
-1.3272267729098193
-1.1977221515165326
-0.9725105941992329
-0.9474905961004274
-0.5532286196978654
-0.13213073523992716
0.21239341751369223
-0.46063796835299364
-0.5487873972607001
-1.2475559655264574
-0.6554643233085163
-0.97529941712034
0.133811072821916
0.01677503074580228
-0.6195552138484369
0.1380456383881105
-1.1109300573296332
-0.18392366339883795
0.4311486280635303
-1.1223971810651852
-1.2199127149107942
-0.6132582890723443
-0.09080647401475248
-0.7618291064300057
-1.6979523977195936
-0.9799976388097223
-0.6338095940674646
-0.7683075096134614
-0.9591713118733659
-0.4678710774216603
-1.4744482022985712
-1.9743355507663929
-2.6795778973955224
-0.6259112649405012
0.07228798406080486
0.32016792067654815
0.7144015800661315
0.023629856012340585
-1.1440122192478057
-2.5660003356216645
-2.302344609477492
-2.951119658029646
-1.253683989244758
-1.4246444468017245
-1.1704373532201326
-1.238221686962777
-0.9142372065732307
-1.672467868936071
-0.9477709575711449
-1.8544263330178565
-1.2966546243316275
-0.1350688067001543
0.3070508921601725
0.09495654603313498
-0.2955014532160732
0.09947177712259399
-0.7892431456751181
-0.3472694090934621
-0.032463332026203745
-0.5850368848826908
-1.066928060958153
-1.2144411572157319
-2.153580213694723
-2.3934318716880045
-2.1715258466246747
-2.2790511276025596
-1.889202536199416
-1.1155452081930788
-0.7972028449066109
-0.3848888581412192
-1.0722603545504776
-0.5400814413251669
0.04768391504942103
0.30716552742437714
-1.390073416943442
-1.6993650019979254
-1.982138607992033
-2.2038395002160054
-1.2000232802069464
-1.4999951074797193
-2.100325335150522
-1.7175623438780885
-2.0838723342337415
-2.1568625212114343
-2.1942846043483097
-1.8615444143372337
-1.4050853009319735
-1.741310320376091
-2.3735058872899457
-1.7566983436273373
-1.4440037479603565
-0.959095718080445
-0.7345102171519649
-0.8642705596889357
-1.8214389103262276
-0.14587301373529823
-0.16230110860062377
0.03977669520558148
0.1618916386789408
-0.15428861434170418
0.21528334351017317
0.6240136665741076
-0.1421982032535982
0.26049027192502794
0.7504485158005809
0.45776758356882397
0.9197728906863579
1.0686050624151875
0.9435028389742345
0.5546758525005109
0.792241287083459
-0.4608944797820385
0.12362526975118561
-0.640314508401045
0.3883932672747895
-0.32527598141321507
-0.14147506499168
0.29908100556154316
0.6481756747011922
0.3394122221413435
0.06102724091688955
-0.13138232730376792
-1.0665852800519187
-0.46446863035679953
0.4040894046911677
-0.09052908745757361
0.1771337649928796
-0.19033870641429868
0.300678992023913
0.5208108076337727
0.4905892596299294
0.44194420014355823
0.6063016017229871
0.5690336157897404
0.5933439095734157
0.2383855146452788
0.5028048079139188
0.6239187205619855
0.5812744258017133
-0.8534590459955529
-1.513130283731314
-1.6238229764574532
-0.7987047836029357
-0.9834765006931646
-0.4230554481764272
0.4251976937536294
0.3383429096128355
0.3805745375382241
0.4125830691106848
0.15548506019136957
0.9438162977903051
0.768154286467857
0.4709140654211958
0.8405251361737791
0.4847556531373649
0.49504455573238315
0.6541609912720482
1.1297729628590254
0.7807376230847812
0.3137288880861096
0.5226504024313845
-0.6143893075998524
0.05903778213769117
0.4271396068934419
0.5298666044662591
0.3229168807895014
0.45704948477222346
0.23917920591374023
0.4108681023379501
0.23400957535612898
0.20900578149224655
0.16831888862207847
0.8131059469020346
0.9353201122418591
-0.3424712047753802
0.5311617807413582
-1.2154174966384375
-0.29665633581488143
0.3825760196815508
0.762157348168153
0.586059148775715
0.9494082235349057
0.7903629154252512
-0.05601548066996755
0.33809306015107965
1.1366593873254083
1.1120703874436542
0.7896415632596567
-0.3102676463537346
-0.9374434945716663
-1.920600966858544
-2.24633365902171
-0.5045787004819114
0.6431757822758878
0.5384855782705961
-1.1497342350998183
-2.410880666613633
-1.6605683401622702
-0.6072066619286689
-0.331805725028075
-0.4631449836494238
-0.278015486062065
-0.6132900581558981
-0.1501466934596784
0.7099637571327801
0.4171216142828826
0.6706073735642784
0.4676324340032098
0.3307082356509835
0.6194428431279828
0.4289839889121372
0.6117559353710132
1.0207941877902482
1.0331133648191368
0.9753087509638885
1.2271308601724056
1.2861873048538341
1.3006647029390084
-0.1237100149343211
0.10187404380353403
0.14805224861401553
-1.0152885829975227
-1.9128150234912271
-2.8794623748643695
-2.9352144856033964
-0.8434965054272899
0.40987165905786344
0.8468018466807287
1.01250351531167
0.93542062482783
0.7134908179725652
0.7732034629981683
0.7497859333754336
0.700896767946487
0.6600384286639093
0.507086581935071
0.26993930528039056
-0.17175734881482166
-1.2065371114653212
-1.833194454960135
-1.9270638856514637
-1.9782305985922466
-0.9267226636556714
-0.7522322095481108
-0.7598708382270378
-1.8588807818142914
-0.9695563953304118
-0.10253150648223656
0.644789280926059
0.8589821610838071
0.6701279211920005
0.19874284162395994
0.12365685187599243
-0.06316195940995652
-0.10369285704864041
0.28717093404815575
0.7421883444245306
0.7192644997937649
0.8113034114881301
0.2793073139879696
-0.506559170357813
0.7782704537933604
0.9049684857209123
1.0234940119522102
1.2248077164001443
1.347203323116225
1.270289053019343
1.3565180011030777
1.3737373586252317
1.341865997698964
1.4874464023980756
1.5810932639915867
1.3928991440661285
1.8495416026990377
1.5109399318344399
1.6189154177936775
1.5529577040722395
1.7784961174020542
1.5932156508259618
1.492939154846141
1.5368378389069364
1.8068862751682029
1.3104273075893667
1.7284120194336363
1.4934999698195597
1.3033072472855411
1.332882827622372
1.437931000028283
1.6756086883151418
1.6801623355802007
1.6292651858210865
1.6272187220714018
1.7885955349572056
1.2823163260003174
1.0449796649606566
-0.35613335635844157
-1.8999717954549828
-2.524564310351527
-2.135365793294199
-2.7543889700715014
0.2777479455860328
0.6045450574135065
0.6381053765868367
0.5409401190914075
0.7317672614397952
0.8927412460963555
0.8419263991677304
0.7162482237878675
0.3212684260699955
0.20563070478424833
-0.026284243892486386
0.05848833890592674
0.409503057600558
-0.3856777353548279
-0.44945618038629515
0.041174317991937125
0.7492279937101158
0.9650167945412129
0.35337788163313333
0.5516811669255033
0.5374094450709506
0.8562819364409493
0.915733609316295
1.085246610151602
1.3214253045054403
0.5001799659115664
1.0417459284886668
1.4270166436488891
1.2645778245893136
1.2354367832793975
0.7991465673750839
0.7271629583417641
0.8494909280603146
0.8798436184557314
1.058888902816677
0.9730479530354037
1.2844919867855669
1.2468418626974365
1.177758042744801
1.1892574013079193
0.2655776037418925
0.6247673140300121
1.0090501917305394
-1.7755455237338291
-1.3506368031973113
-1.051002021471201
-0.15978039521847748
-0.654213248707912
0.3440937998388789
0.6563694173665845
0.29406678448922585
0.935158532886895
0.9584544164427773
1.1603748451523141
1.3848776648232235
1.5602729005732774
0.9681277996750095
0.46591148668131865
0.46321811926134265
-1.0004146687633624
-1.8509351252541029
-2.2239076654030994
-2.052124141176515
0.15239578040656845
-2.0573172902082764
-2.0024935793071323
-0.5796744408031629
-0.47516438033663205
-1.6356035888744744
-2.8561304730162775
-1.8109048969174266
-1.0831166683793583
-0.4293428623972399
0.31105713546895125
0.1830696494171717
-0.1047067770138439
-0.6002089923828802
-0.6103926412863699
0.09377957421215086
0.5522644905497721
0.7534569523019239
0.7935116698431341
0.9419716258259272
1.1006453790845898
1.0638871993802084
1.0696226474699786
0.20200118063817618
0.5506960842216003
-0.3502878063824888
0.30691313245378044
0.44679052714850837
0.2680453237265456
0.5540416991123792
1.0575383044370266
0.7672230179082272
0.19025308989581316
1.071038131398501
0.9370904910799144
0.9032770746000193
0.09829351021487086
0.25627792533857624
0.19258470359894245
0.14897241252873084
0.021159317060879715
-1.0994395734532831
-1.0285484308989503
-1.877297623460367
-2.1446963009244566
-1.1104703562486726
-0.6464048933409561
-0.5032699840666427
-2.2321351215638767
-0.6701415971995422
-1.1107232237911195
-2.1291714919756455
-0.08067650650365064
0.19841872110011158
-0.2500774246749377
-0.07834845808996067
-0.9223211296347503
-0.7385435722322085
0.27724736793143806
-0.8911139442805368
-1.4206118193641002
-2.0209080528549235
-1.4691642626421628
-1.7888527893466009
-0.27787226018993005
-2.6395226814793675
-0.7562495587328618
-1.7897960203906287
-1.5847920882276634
0.09911918056206437
1.147838930898205
1.3804437826432652
1.4247700241761108
1.1683793630607464
0.652415443502301
-0.3095396970144412
-1.0494594995197488
-0.5487838738639756
0.3678803221895296
0.7661020258989033
0.8949882828729262
-1.7139986584179665
-0.2813664011173603
0.4674481484394445
0.7095380460287616
1.0805467939815012
1.0132960524264145
0.9501884408542902
1.1751098972409804
0.768989660538048
1.1993099305702901
0.9413876587935627
0.7955654884202347
0.6790818263654884
0.8603274615383377
-0.6006416580070786
-0.3093249055243153
0.320200731325639
0.9453799091272495
0.2603550773953843
-0.8782017472645155
-2.8970683397784236
-0.8727231983019164
0.009144702441435528
-0.5814561641187176
1.1010466670143426
1.4031149723668805
0.7910315842902181
0.25121679346597514
0.257575675584854
0.10707818822978359
-0.6717918461899385
0.2535383137864873
0.7694639668828873
0.8338606107321894
0.3477042524263562
0.531420976713381
0.5282969225186592
0.6090845548916208
0.28737920030005093
-0.9296451003300149
-0.5510532482386844
-1.5107059815035206
-2.4330031178616944
-2.4739349903207355
-0.6734818340345184
-2.30607325989435
-0.35186464673663037
0.5937411502264646
0.8627125477132616
0.6552572326371962
0.31889608654394275
0.7508715706744302
-0.1427848771097186
0.6051680817213974
0.7387261064083857
0.41013055869400733
-1.2234726180741935
-0.46186630989022687
0.04211785210807705
-0.1671347150125099
-2.6552364487790316
-0.6521947131475113
-1.6669675516869547
-0.246891366439807
0.5121376294111845
1.3485389034600384
1.196949119455091
0.8518062662444655
-1.5828064485473687
-0.5232891768735278
0.7022488749560148
-0.015785015624120467
-1.9589815465619271
-0.3284427843112145
-0.41609493112375384
-1.1146644720085055
0.22325541874702584
0.27382721575413677
-1.9433522967014272
-1.7965777134398977
-2.759410571569491
-2.0130359835371854
-0.8154649869227582
-0.6697392461724218
-0.3638783836785212
-0.20229178958136834
-0.3891660753357102
-0.16358160104724695
-0.25999158981349846
0.13159821328722077
-0.4341092115540306
0.3479187511889336
0.2578232519360355
0.7424472858373851
0.8426790877131479
0.29038424868205054
-0.35863424158249096
0.14024948499940282
-0.2911977621732473
-1.251875355333217
-0.04041908213518534
-0.2608347790104467
-0.5123781096840387
0.041137493653226366
-0.7362683012652607
-0.26207571891107173
0.2944565342006762
0.9415873418751595
0.9297147174800351
0.8773135174834337
0.7811424859990921
1.0560989384003787
0.15438958677505127
0.08403742561866386
0.15473754911959434
-0.13662043631687568
-0.058086991639349876
0.2583956464487051
0.45879905967441553
0.3067922651858801
-0.37759748293640794
-0.19508074943006923
-1.7479333804663175
-2.7052021635772876
-2.5839740311960795
-2.660429734622041
-2.3758192823960402
