0.2366380054339122
0.2013204330137006
-0.13311146209619856
0.0275299926857063
0.28611668747858177
0.1379051448346406
-0.16674820585922706
0.03463176582212418
-0.15830760743333835
0.2916403042242013
-0.6690878901391337
-0.7476159670590895
-0.3373216360656106
0.1494018929637084
-0.19097484018884492
-0.03601926196766111
0.28589175710190096
0.3429802950828561
0.25899318169622687
0.6322675854954167
0.6440733640414981
0.5691812986353844
0.7993724422440335
0.7746213691026089
0.8093443614145229
0.7063988263085103
0.8781951889887667
0.48560089123138606
0.3213223228551283
0.20121890935645653
0.16932378289155947
0.5230598217311567
0.39557240030887164
0.548507285762789
0.4875074939476416
0.24813509072603696
0.599506960308639
0.3976894590921778
0.3867070288571305
0.49801480286240996
0.5689621534245768
0.8809819001527452
0.6462832411549289
0.32620664151138523
0.28995829920612937
-0.012780788307918622
0.42574059388035124
0.5516244097937862
0.6473566598921747
0.4820238054298688
0.37283604183815633
0.31208279142901074
-0.07144967676638482
0.3130122796944037
0.052772907561781116
0.21251586640025913
0.24161432919533918
0.055562168334132495
0.6278853832072376
0.5438152941852753
0.6002079183691555
-0.007755212516290438
-0.06345992951099208
-0.0668150398600173
0.14473562522697195
-0.17839210647430892
-0.045536862150710386
-0.33954138465562334
-0.6106723306311816
-0.4861954218776725
-0.04684839920325684
-0.5515794957601236
-0.08963182978150198
-0.11556178018159403
0.4570797133218416
-0.32250617410024285
0.04186754746322099
0.4846689386371885
0.7797132569210088
0.5932693924093096
0.6149692056092293
0.7951599726235925
0.7865315441257146
0.3896162385775982
0.7401079467962874
0.9547695898581411
1.066438197632883
1.0104450822435016
0.9481165506324303
1.0444691106175885
1.0702141192490333
0.9667313293928663
0.7218688965149597
0.8054183545961291
0.0875067105223292
0.30831182082789177
0.526840042020064
0.6336220518381683
0.7317032106418229
0.566826960195675
0.6336690845157096
0.6593099650711368
0.8199877187829597
0.5805888871083289
0.6544887688629863
0.9521656396985732
1.0935466487567802
0.9707576688815164
1.0590401881019598
0.7947336829099115
0.8381923469676669
0.7313762618718729
0.9796928787611354
-0.1339003634767545
-0.45625523280565705
-0.49420591151140536
-0.4661951801636307
-0.33249431094599613
-0.2171038923851132
0.12879642864100385
0.34235172593141594
-0.034454953735474914
-0.29973994925499925
0.16624712756387838
0.05827352235389866
0.18290607113032445
0.4811672043667883
0.6593720156256134
0.8961337730571934
0.49759531661717404
0.966826085097504
1.244605172063551
1.1795809427803976
1.1601150054499791
1.1545540792126858
1.3505870244655065
0.787727360199544
0.7740941337006632
1.3068103535035611
0.7009974784005003
0.8804062656431598
-1.0061289260408444
-1.2479134758377122
0.33882482696791427
0.6766289393509641
-1.1958662902233026
0.46441517184025827
0.24124241199956792
0.6620979677050348
-2.0353651806656354
-2.7968665682727023
-1.5601511204143648
-1.0338878671829976
-2.0505855595793574
-1.9599736297636623
-2.7365076843497667
-2.0040490456297455
-1.8998509048004002
-1.8564267155212852
-2.3973937987736456
-3.646002876174128
-1.925481503056443
-0.44830112063713734
0.046304379760847864
-0.20644013813699477
0.15072484636813943
0.6901753075919799
0.5660196576468585
0.8863258497855809
0.9748142473583722
1.109393850053069
0.8625330954976361
0.4643851242758218
1.3138015740903404
1.2093122101230813
1.076457482488594
1.0250133706831674
1.3333169913036262
0.7120876847977275
1.09511748460588
0.704890645624517
1.2835030893090265
1.2488020049312571
0.09444412507097835
0.7939931341130712
0.8185284259179004
0.9187085102801562
0.22648257938572755
0.7494160367536095
0.51410817220167
0.6798391643189795
1.016167567326488
0.8042107687101582
0.4988160328455774
0.6468767765929224
0.2095987621096719
0.03953556271439321
0.19733265263075958
-0.9448269349634855
0.05669240957654087
-0.2972004998011264
0.03175288268656281
0.19185401483077102
-0.42536626237690967
-0.6231627109820346
0.03878657770328364
-0.37577669163676886
-0.19444536868017548
-0.5773877399182917
-1.3543299690209223
-2.759986448647462
-1.1267682689161185
-0.00991717498854508
0.20887833927338262
-0.1231747815329203
0.2941844365572146
0.37621199093555024
0.36943053465746656
0.49536034032649423
0.45412422681980014
0.7301677837094473
0.9837562828410858
-0.16457710380660365
-1.9782465359593577
-0.675751505245059
0.51791687223815
0.3605928805140918
0.9412012936198404
0.5865580045368386
0.07558212851272689
-0.08341410892798465
-0.9451981468698522
-1.981929554325733
-1.7724064659715004
-1.0006855645365673
-0.5681866983854291
-0.6343128097915874
-0.04736645183288664
-0.09086743456195234
0.019654943520468954
0.45120008754084584
0.46684377923815856
-0.6765359821416022
-1.773654329731353
-1.894737355287227
-1.384722018343191
-0.9636698265449541
-0.31317092433030436
-0.7167949454629119
-0.2789786921797247
0.310746822899858
0.6548156722757986
0.03854742359080904
0.40928537254899566
-0.91687333078594
-0.11167377783280706
0.2904984509421491
0.442896586310055
-0.5798808230112138
0.0639115190499959
0.31460300188316503
0.42967112253889916
0.8988964166663731
0.25749701181187734
-0.10157594129342
1.0843817558026057
1.1196781291911513
0.4925936568411673
0.3891292086818291
-0.2649750096053254
0.5655197293599099
-0.2670481153232994
0.03975267709462303
-0.014947940996002634
-0.2185002366448114
-0.552637730778242
0.03366784307224821
-0.5873700171834308
-0.6539674004995627
-0.9554306244006275
-0.3895183403926511
-0.8317303109094241
-0.7227413256718487
-0.9447796343153985
-0.5255380283989574
-1.0417497129787894
-0.3539605480466873
-0.11330145406564951
0.002340900321499636
-1.3732500216895787
-0.31256038273734454
-0.6451624079848642
0.2456513351086312
0.6482545308955259
0.011536101040100784
0.2959632789967015
0.23836923624415388
0.7034199410256908
0.7783837301425692
0.8945596498621082
0.40975388138523294
0.7044745871890788
0.03617576262679428
-0.7693089438213705
-1.502949722350302
-2.2600630848394787
-1.3776243778466064
-2.3869893226490033
-0.15767461434589244
-2.341738336187138
-1.5962212877282396
-0.42722075299802265
-0.5496973388096622
-0.16049705748280288
0.23110172862159906
0.20698862718794567
0.4999911288260246
0.4978937771524453
0.48919488204322636
0.3429868397202761
0.04478514799291717
0.24059413689935275
0.622621838747532
0.810708216463087
1.2989465872272832
0.2024419466805857
-2.171287510856699
-0.41885732605313
-0.04073886143903885
-2.589230974886504
-0.2670351497387654
0.2060887564233461
0.20804897491844135
0.20966016401988882
-0.12416411614807255
-0.3267807743213822
-0.0038563910104735255
0.4556587967572405
0.45456073050179113
0.2933678265411055
0.18815034895127972
0.0776627059873691
0.7942522515173606
0.9521136500291043
0.48789007484242786
0.8568929720318141
1.0336680315289943
0.602742850190108
0.6477033301475207
0.4598861435641711
0.3570492783036868
0.08418322351628763
0.39105619326917695
0.7259617434152149
-0.7235466505276362
-0.5684842878895929
0.04165880712001742
-0.6159508610789266
-0.24621232913484567
0.9904218018320466
0.987045045526582
-0.3898656042266275
0.2453251625501637
0.6253981457132131
0.3198230173639217
0.873921578449074
0.7878151153246403
0.483288160407911
0.04875984734776316
0.9279575116881005
1.8228102819641878
0.36167859142438497
0.7712529425604893
0.8410762497970209
0.9229162921261398
1.0257648584333423
0.8385598193798395
1.0316692850144855
0.8804766899057973
0.25510947427594366
-0.2376632974729204
0.31079282088216753
0.6824935857533629
0.7972029834450054
0.821143330893815
0.22084680184090846
0.8087779891389515
1.1765003734202153
0.7156673773168103
0.8946386532796126
0.9267184731861059
0.4227202670421598
0.685675041111243
0.5796588193638994
0.8235211395111004
-0.28147996626309346
0.2661208519108571
0.8486372686280281
0.7565279421439876
0.5134442922989583
0.012823561257923721
-0.7616412872507472
-0.1276940234977105
0.2998832868793051
0.7150426808997461
-0.21402291722070718
0.13024571162714502
0.06667083032058453
-0.3612592074375772
-1.65919434565552
-1.6247351189206751
-0.40917199577958185
-0.040101316949832586
0.4446741283210591
0.1105272375557247
-0.5559627631468641
-0.4026585007067923
-0.07818966921485239
-0.2300950261142389
-1.7244464876715904
-0.3337563318724358
0.158484845218385
0.11038538367055933
-1.1784438146303668
-1.2535865767781604
-1.2849738824680015
-0.9991946107813083
-0.5567219212812771
-1.081196606096684
-1.8849331412103563
-2.3193267830357427
-2.325444321132463
-1.9972481048162605
-0.7704778905456127
-0.3390166964338711
-0.0601481399078644
-0.24561503306337043
-0.3533764397771043
-1.2298190034933372
-0.7026657915263339
0.02577814733003045
-0.822451948117447
-0.7696789030175223
-0.34764611329948303
-0.09082963797952966
0.5399775258529138
0.2798730669444309
-0.6835481363729042
-0.2711223673905764
0.23638887569477193
0.5373140606737771
0.5613156741041171
0.6332090157525743
0.6116565616687778
0.7062574864608986
0.711883458555263
0.31272524801936796
0.6460156438919445
0.41369682191031865
0.3038318578395275
-1.1669419143167628
-1.9481574238231631
-1.3165823812061728
-1.3704694310998167
-1.7249074514922609
-1.1546018052016616
-0.15238322091326587
-0.8786327958390108
-0.6131061843136905
-0.6132625749322761
-0.545347846630517
-2.20499985883144
-1.288374286245525
-0.5994928658108059
-0.18433068802130514
-0.21557838702858342
-1.4396472844792996
-1.551142687178623
-1.3213920366463259
-2.0784283510291583
-2.3599750204324383
-1.489035108421671
-2.3970232432448935
-3.0434302433203433
-1.2732372582845906
0.272362075642974
0.34818138992545355
0.02733494011616648
-0.24038770855046349
0.3101704141869296
-0.2143686318102507
0.0076493299644444235
0.5008736455957715
0.6130824632141325
0.5394181772764267
0.7460243277132074
0.4671683782466648
0.7567021707386868
0.6127721529656972
0.48105825270825786
0.5843541272598787
0.056657813176870186
-1.5248853711390844
-0.9060348293895932
-0.4658692123502284
-0.09920110253978269
-0.05723731303098447
-1.320135622189832
-0.94346690010975
0.3683469981308629
-0.3789115725292024
0.5645522872372711
0.7876832327306673
-0.3993273262938315
0.6001078470505599
0.6100223988617888
0.9359794701787549
1.1122901783903927
1.0050882138225328
0.9309994879287591
0.7293286710192354
0.7146283815065556
0.4878855517927494
-0.254397456070957
-1.690822220002452
-1.1185582813573405
0.2479519612786111
0.7277210616902087
-1.478839192652552
-0.8894363297356496
-0.5174621676802397
0.16913783403761765
0.3687937581261588
0.41863626930076514
-1.5341940817003392
-2.323915774335496
-0.4057217724527329
-1.770645064689843
-1.1650595327309625
-1.8935556203222959
-3.034469218693427
-0.9621967670366458
-0.4830446108950722
-0.9911960580385341
-0.0788802544398188
0.5018965964380019
0.46221444139377077
-0.08246082375996336
0.3413668799608768
0.5488980103495954
-1.2544825704602123
-0.34556577925541043
-0.11107556134491663
-0.18520648759185743
-0.7342967788506966
-2.193014271278867
-3.158270986332743
-2.190424002468375
-1.5696024082736713
-0.8282231474235049
-0.29995768197012784
-0.47612041703547037
-2.211175852425185
-1.3780229720362274
-0.25163074132914254
-0.10531105101371463
0.15464682312064681
0.5152034928957517
-0.17984279929489044
-1.0303676237273045
-1.1110109447179906
0.23782968701429338
0.62804298392328
0.25676408932336914
0.49552698820049246
-0.025178117638785164
0.3393856259077661
0.09673372048360698
0.1803789644158226
-0.12295313058327663
-0.4573299199084234
-1.689644092940662
-2.318597097820725
-3.4548923568762806
-2.5464829072765616
-1.1173645738882438
-0.9889183294930309
-1.97888780817696
-2.3459266973500887
-1.0550393823088968
-2.075777310546173
-3.0003632117411483
-2.055309121172402
-2.5113874298761174
-1.94072590865683
-0.12563614425257955
-0.8602101027238204
-0.3887784775981815
-0.19845934620348074
-0.9337580452602199
0.22524349438944627
0.01851672076547553
0.496990142491059
0.8393740486102765
0.8278137363811572
0.34442819571490324
-0.1789838474794406
-1.1813609105864007
-0.3595630287663726
-0.014119532473403362
0.2813414855628056
0.14497744711687244
-0.2955518042090616
-1.2307675709605106
-2.2883986986787437
-1.1566503478415744
-1.2234433951238015
-1.2092697628209974
-0.9164925998004434
-1.465464139428042
-2.624333513443574
-3.6517658927707806
-1.613865521413761
-0.861674990245331
-0.7301656734371405
-1.9270378545813187
-1.1386697530857328
-2.1683391907826297
-1.950742904018274
-2.141120759649349
-0.9841027361703427
-1.2325418268797788
-1.8141860036694486
-1.7862285555299326
-2.2211676979002677
-0.7091222789046094
-0.09905902721238724
0.37978434283752216
0.3477790904024667
0.30869927292638044
0.22247783200218482
0.4570275062875204
0.07415514865352865
0.34033901640424935
-0.715904266326219
-2.6738481992192122
-1.6973719136423415
-0.7147245129451418
-1.2019020546779844
-0.8561003011716812
-0.853656624962654
-0.47476117442597066
-1.0920296517051926
-0.9224557204693716
-1.0701212555483324
-2.081917980859607
-2.984612860477599
-2.90587386786036
-2.1556329157689866
-0.7349436487689459
-0.45252613171150713
0.06338310476128833
-0.09495880778318955
0.04407298920769363
0.19643956746349608
-0.5133281081617969
-0.034498879260469545
-0.13441907432717376
0.43018229920995454
0.10836703654699391
0.4768464082758529
-0.12453118061646387
0.39981774004299764
0.4562013297122508
-0.12123630997202783
0.18374362259993382
0.3213379365438699
0.41603665203989404
-0.6073887224435338
-0.21910358310863598
0.17424807752371407
0.3173868224036951
0.44618166185986774
0.5114313850979553
0.132310517073074
-0.3179144645611002
-0.5125858035162614
-0.414549570174368
-0.27932811644400757
-0.3004946341189315
0.30062814931649573
0.468373890949487
-0.24884691965350605
-0.5425749375747719
-1.9635249507331938
-0.15061746437856274
-0.28024427027985077
0.2573158200811445
0.1538331017085056
0.027167618000529747
-0.5324525663018773
-0.7445863825764204
-0.9096430046537596
-0.20559684051126792
-0.3858157222324561
-0.16593093316422
0.1395552108067596
0.36043633871670044
0.3453828234105065
0.23989167421198854
0.27372655840510085
0.09786975333224718
0.13881347029710314
-0.048746103235707494
0.18780323530193654
0.1669497783231708
0.29333855715541246
0.13521299063980452
-0.2830578095751667
0.15824724717749586
0.34161316307282297
0.14937269360441868
0.07482828500325028
-0.08371502207929325
0.3411974462275875
-0.20766183156875379
-0.02505573325867317
0.2824329010894874
0.06897438388148826
-0.7709977233762666
-0.3467221283001529
-0.2744568525200015
-0.08139170595191866
-0.018093677189392733
0.07992153753091391
-0.06878616919445857
-0.03098727932809829
-0.12508228469398952
-0.3655471058686768
-0.584161803420538
-0.3740464597892975
-1.1858862382266806
-0.09367632890520255
0.48304817935163524
0.5222955300187697
-0.1353487708902322
-0.6092921261428896
-1.3521211277348528
-0.473063748879894
-0.13731981917933697
0.02294921262082756
-0.13623607725532857
0.09112893495859581
-0.4134553669491069
-1.8703854289583008
-1.7745046341214792
-0.5151449717127643
0.16336076964821752
-0.0008678779727893798
0.3941626863652776
0.009352105206699574
-0.16023671514403745
-0.20154804336842164
-0.046033887278752135
0.0883270684870005
0.07648633653273908
-0.537178008428197
-1.2201371387869844
-0.25686738616153804
-0.3838785315115969
0.012692104694443707
-0.04902889477417683
-0.43237003532268503
-0.061077512309235804
-0.12150493583666676
-1.9403692467232303
-2.2342321796573543
-1.6693224399036315
-0.06653389056065714
-0.025074052898454866
-0.2519013415201571
0.2790150774167305
0.4303107717786019
0.5037773891136428
0.20175208092024643
-0.3261540009434246
-0.5731657657325548
-0.23338178298343007
-0.8577643355258057
-2.37128491215799
-1.6373184261089795
-1.2304372906846774
-1.090881591698691
-1.7835200824343154
-2.901349124487655
-1.7935697612191843
-2.3156587551690495
-2.696143621696269
-1.338845136530611
-0.3890274185367919
0.26316086848788955
0.20506598887399669
0.4069892054259302
0.32200116819978064
0.17039114374922623
-0.6525468072795371
-0.7529663432033632
-0.03298102223834348
0.005461337005680758
-0.42652648613168365
-1.8604785452939894
-1.2967050865960266
-0.1180353787687756
0.13336861251008728
0.6050658837196967
0.46803754725076574
0.2947471004459987
0.5738405845838866
0.717214220495853
0.8978279387334669
0.7613708743105594
0.37249976988405775
0.6199925493464694
0.6978812245776472
0.8397077477239278
0.062118043156745045
0.39209832369444664
0.4536658115222927
0.5786574455440372
0.4260180488965204
0.3205923806526837
0.2686694034179429
0.501300940023213
0.4675530121060575
0.23388325862968662
0.617084228013621
0.04554200863870245
0.25703372772519006
0.2317665446979655
0.03604549912806358
0.3572100607915275
0.6448005578661653
0.620096918844492
0.11155904066191336
-0.2651343610604038
0.024931019495210843
-0.6901264984651154
-2.1352930253389357
-2.9937457903249562
-1.1758103140769864
-1.3554525894101885
-2.8320626582104595
-3.318831687766475
-0.9990886382850959
0.03649926777823301
-0.2658053577088293
0.09227477598140872
0.27880130513613066
0.25794756139164776
0.2626944569682147
-0.861891577225751
-0.772545673143744
-0.228189174815672
-0.11033811304815458
-0.13388362462540906
-0.08022197906001653
-0.6916148225563054
-0.09234061940612878
0.09045074149337587
-0.6936989922315616
-1.860201254742951
-0.9118055355963195
0.3643064832356948
0.20232704652628197
0.21845473266389742
0.5248339991078343
0.7761216035134663
0.15328318030835683
-1.2577965154745852
-0.504060922435149
-0.009286343928130908
-1.1707664220036091
-0.3292642720417359
0.08705136612612618
-0.1355706337021191
0.2636715693369407
0.2120844107475875
0.2000629516842464
0.3923506557013371
0.338721243412485
0.2617693731049404
-0.04054527839433089
0.35506401868876136
-0.024601875867005712
0.0716784326888259
-0.1643679634160085
0.16767311090141032
0.24631039344474645
-1.3338317819324694
-2.3713400082324854
-2.492225855544712
-0.8945026149126714
-1.543987375429771
-0.27341307523980474
-0.2779602598694212
0.20564389674944608
0.016821415625321495
0.21903582182169
-0.11960135195566107
0.006658480926286861
-0.003496746625390318
0.08310667525996128
-0.8647857450086129
-0.3871202390119982
-0.48387311789539
-1.1081349918008812
-2.3990065652095622
-1.0636419614006385
-0.27553293011531876
-0.7713307580002671
-0.5039079163552369
-1.866857265116446
-2.3554195570567393
-1.5610659569276677
-0.2390894152706697
-0.32676831949176555
-0.028854244611182835
-0.3719583501173288
-0.34067743035896136
-0.2322739843305323
-0.027486045169395096
0.1752622154250423
0.2616462323584907
-1.3347848988783786
-0.44551604380611187
0.17737016281919438
0.11206945593987931
0.34000632111505125
-0.26602721186680556
-0.5166105819178625
-0.6957372704179036
-0.9915100499526646
-0.6391590132999777
-0.43109340427947895
-0.35531418333976206
-0.6500386160534761
-0.03444018987075523
-0.19175577052774898
0.36289987003960356
0.796995117013436
0.6215712273325216
0.8771415810056986
0.6047430234254936
0.8568521550172461
0.6047064649370046
0.10213877077208247
-0.08302353224594522
0.06834358582811928
-0.5543146333018313
0.0999691650043521
-0.016261936016991874
0.13761179859551068
0.526505071193124
0.4437956451625885
-1.182877913989035
-1.8761927858714602
0.1225225656271883
-1.1199157661644137
-1.272517677056203
-0.47134555089525376
-0.9908172440107108
-0.769330448811928
-0.2045648361468404
-0.15354467733832028
-0.3563869227182629
-0.8647373627744643
-1.1668736372458617
-0.6254954067915889
-1.8409678551169186
-2.7977150929789505
-1.8089964336272426
-0.15661335670574086
0.22769242202068332
0.005411352318448359
0.25490318542483514
0.3677727819605062
0.5332455738994621
0.46510123852315854
-0.20215936711493065
-1.1353414378698234
-0.16156810566177873
0.24880301701827587
0.16265871780989655
0.06722432318821564
-1.0026449935877548
-0.3523979397426832
-0.3483553775516398
0.16139718466412503
0.5201801394077677
0.09265280989887781
0.5148079665341931
0.3233660740251517
0.3733085448096829
-0.11438029783668952
-0.7817310928338412
-0.4798126485402052
-0.6610061998531397
0.07609892572599457
0.14839289415870457
0.5675317081980309
0.12577502289145417
0.4938665686155982
0.8269460804866265
0.9437363367088586
0.769478665188874
0.8904762861208513
1.0909580639677345
-0.29838367426035817
0.6589908899325254
0.5017078337398533
0.704874059366448
0.24025853312933024
0.045006476889711544
0.4300718690761861
0.10543385872123501
-0.14722498646464285
-0.3593340561242031
-0.29732864776008705
-2.4841728416316253
-1.6796256167150518
-0.17460131807411947
-0.31818718950782054
0.16842156361952818
0.3161462100004073
0.5218717298310926
-0.9175393358562467
-2.4486415477836143
-1.0295698507998745
-1.6086071235056776
-1.876386702134907
-0.6259797001162425
0.23598388212670787
0.5486011828834962
0.3210675932709596
0.1633047296233579
-0.4673681974037385
0.02598199589437865
0.3335403411051092
0.277438053148093
0.2601030987371439
0.48925160360997977
0.7204609290430928
0.2997265337408529
-0.23874398309789824
0.1385487778721016
-0.8704813442563637
0.017316775487179477
0.2701922973578885
0.010608969414770103
-0.7213472775867878
0.2430065589626459
0.37752105983807327
0.2703852388070418
-0.5396998818155418
-1.1115762013801929
0.4387619232419292
0.7984410761713491
-0.27708165543874796
-0.6031207701681125
0.11995891206934767
0.6238574704724836
0.6679048736287183
0.44392638880010604
-0.5000638484057447
-0.21107100262654788
-0.0707636770897564
-0.06084646264679452
-1.5690641050360505
-0.26491194026324694
-0.31905994203510557
0.23657825037427113
0.01917037971713026
-0.6550160033872087
-1.4168439614662813
-0.19981708413143176
0.4335269467988855
0.532399174434719
0.4614895916185944
0.6977915574642852
1.1801541532058937
-0.17275338501247553
0.23292272476381035
-0.38544394921809766
0.25783307712058356
-0.34311402208059494
0.7838234457392802
0.5669665132024072
-0.5990523797195045
0.1255957868662227
0.19599896787588808
0.039272606959360606
0.28790508126406167
-0.3468034147740313
0.8008189636362824
1.0124022428953885
-0.0884430330008115
-0.62400843975984
-0.7194600811939897
-1.160661640337167
-0.8325239064814816
-0.7870026251815364
-0.1411679811082531
-0.07654980223770891
0.20800426946665587
0.17115222767897828
0.04222822119108188
-0.48858880877355826
0.26512930283656744
0.1439432314715333
-0.218463648360501
0.29652618048526314
-0.0839001402697824
0.5245191660486128
0.007631223380328872
0.4789192372004758
-0.4848210638025874
-0.614492933172346
0.06343231432498052
0.02879301441609107
0.1338139186558829
-0.3190302035975343
-0.557233404325568
-0.2656001539890168
0.27036716656681337
0.3698695729140732
0.7739195983078287
0.5387527244974201
0.10866786268456324
0.5038753951868182
0.6266449863512977
1.1092692423233874
0.7091591904836143
0.6946043580870813
-0.8177174112053531
0.018876595430053024
-0.625360901512772
-0.1405342523555678
0.28394794247135247
0.5420194826147848
-0.14975588099407347
-0.8827107814183969
-1.7942703978659362
-0.8853936513447225
-0.033887698372703334
-0.22993653870060785
0.07320609002964087
0.2508860157823808
-0.23546372753226844
-0.3194498966685817
-0.08230934871728673
0.11810317562078375
0.03556040277413976
0.4775400990750899
0.25191476693022297
0.9331122736522302
0.9489723767621671
0.9707992422809566
0.9306509103637226
-0.22304090256149925
-0.4648936468508281
-0.2321642851548393
0.03629893637305823
-0.32047073962473294
0.28632504715661566
0.6018068123992373
0.9161888879921098
0.9704490745184411
0.970443023488372
0.9614914945080688
0.43342069171500497
0.7900263990499935
0.77039648751841
0.5876565193849191
0.4102655770305421
0.4348951092176958
0.15582493108739368
0.2645523373389249
0.5563017309337004
-0.3521333660494579
-0.1834144711326827
0.12087198640543262
-0.4516449495357119
-0.43884728606231516
-0.4120271970761088
-0.23518608975350574
-0.811574203115237
-0.3272913600129371
-0.012545165059872847
0.23047607842289408
0.1857741185752551
-0.2905910531406636
-0.14403548225205987
0.06030978727148653
-0.43687848563497655
-1.2192691560195432
-1.6491025909305415
-1.0141110518380936
-0.8261846233684818
-0.32410319374381813
-0.29346560768155217
-0.3920831419264217
-0.607315468045538
-0.6453100132461371
-0.38863501080948526
-0.14952567860566066
-0.0260688001448214
0.34298673613525
-0.1110840483756863
-0.14232086001725475
-0.13637060963349326
-0.40673958783525244
-0.25396970801450536
-0.6593995399225822
0.3574276635006177
0.5044909807865717
0.4841780163531174
0.5014858463691394
0.6088187868178665
0.1792898291735331
0.5379467304864196
0.3797431663650922
0.596089607683989
0.6806372460047074
0.4022077402155132
0.4388196310479574
0.4435141682850623
0.26560044965671337
-0.33768371030688005
-0.3305900192133524
-0.012859249646984795
-0.3577270064701301
-0.1522463691567668
0.01129049904154053
-1.4750322513000587
-1.7300913694798135
-2.190699645759945
-2.582170009400583
-2.5119018501945662
-2.9768823307107293
-2.009551987001346
-0.6663599300912654
0.14153121063554716
0.1789435310577714
0.40035802733561054
0.302405167504036
0.3606532915095113
0.5835295055702159
0.6287265272924296
0.4575016432333695
0.19372824490897142
0.21835611380598327
0.005213063993960987
0.38646382151836634
-0.15014894064279954
-0.06281150120461361
0.39865772561931734
0.2368773125105711
0.12845280731537975
-0.49253658660026267
-0.1783528824447658
-0.0655715833165676
0.418070703538277
0.424618626982912
0.520695018797824
0.601502874852923
0.4507785217543081
0.39317125550703236
0.5638629807014692
0.4686139663983041
0.03870551767529368
0.028293177859798496
0.2886669756488407
-0.34820860026899525
0.011419652064908282
-0.23146209407150498
0.09570219755343715
-0.5992575005709189
-0.21406048070711733
-0.2725949253864113
-0.6747711160727402
-0.30997064029641686
-1.3161070383457152
-1.6253635144174998
-1.4493024853762664
-1.7191087520515884
-1.40647718937539
-1.4386467528189886
-2.3757270432537676
-2.6286192939923616
-2.6532639274992498
-3.112635250179303
-1.6974381615520746
-0.5615306550366024
0.14305090699658596
-1.3483659889758495
-0.41990828450060824
-1.2664592469861113
-1.7053845034492687
-0.5114319816994715
-1.9424700138386533
-1.334420473217595
-0.45486216124686285
0.1319838757596725
-0.06486591142243306
-0.49625254608196323
-0.255535229152441
-1.1447364310892572
-1.0626005030727645
-0.8134252236781909
-0.5903974325396888
-0.7258482284165768
-0.32948771460377047
-0.002174541430766702
0.09301660428558142
-0.1062681788589076
0.2649216451054177
0.4790270443101725
0.6265423230002345
0.24850764110798146
0.14157925395996399
-0.060040995150810746
-0.11331532461459443
0.21307222211476323
0.01815719586563696
-1.6019082648723353
-1.946043607414099
-1.1030431835715442
-0.05946377533117189
-0.42186352982126785
-0.36439153677645064
0.3408257813623775
0.3670976300317357
0.4008151055903515
0.5519708826956402
0.4715636198540958
-0.6254928024153326
-1.395065178156851
-0.2643854443645728
0.2616068653925706
-0.8610050141449225
-0.9104921091616143
-1.1587452436211383
-1.7869076352317252
-1.9770449753267285
-1.2853907517025471
-1.275423415420822
-1.097782825295031
-0.8621958307163071
-0.475685901468078
-0.10950830547196982
0.32516411317472693
-0.32308049552864226
-0.4262917160519153
-1.1010649436697355
-0.6968237575044769
-1.0892096416426686
0.05681935213683413
-0.05326542373807418
-0.5089629859799654
0.11589164002670391
-1.0930722305535463
-0.16050820637983737
0.4228910359437873
-0.5729659460620462
-0.869440421521121
-0.544391600750497
-0.14964016445868375
-0.5176250589988153
-1.443430943390142
-0.9286900065914454
-0.44960973096235446
-0.4829143647226306
-0.5600544094699432
-0.23990255892032988
-1.5573970720541142
-1.9597632984932192
-2.5751259176794163
-0.7926601113027631
-0.14256509367147946
0.28320741181376874
0.62955251466995
0.0016113231591778632
-1.1088361442588295
-2.093455484448621
-2.5089786288533613
-3.282856214408414
-1.7568219666874483
-1.3567793500874672
-1.162939081832758
-1.390211630789056
-1.0797986534343542
-1.630977222817212
-1.1632475103433608
-1.6943351679696965
-1.498935151799364
-0.29703432477680314
0.2148156340013138
-0.007766663797297513
-0.28907143368676624
0.13966541724432674
-0.8390443789087957
-0.26476836933209924
-0.1538434993491368
-0.6771281921134252
-1.1632229022694869
-1.4776815859222068
-2.5328498069308742
-2.341801136972574
-2.340051713628631
-2.2839187769927984
-1.8797363599974974
-1.2406194431963107
-0.9345779020986674
-0.6263231924595876
-0.9448801556017675
-0.6253253718425171
-0.09185563956962169
0.2633786380334384
-0.8428580839562152
-1.1444500778943203
-1.5218590518191737
-1.813619668489316
-0.732611938082415
-0.9553709558254584
-1.4944963379612024
-1.2160804828166039
-1.654351021406675
-2.0694505773433844
-2.035674612372327
-1.5191509581866547
-1.085150123138816
-1.3943762914066251
-2.17364379273723
-1.9862021827943963
-0.9349129275931896
-0.6731270988592767
-0.6812325832721076
-0.8547285869282873
-1.8586285629165544
-0.5175532646199505
-0.31371287190080466
-0.13145746790878934
0.017584665024942714
-0.11564034149368037
0.2199082191123587
0.8032453537855866
0.02411121285336934
0.6492550856905974
0.8743782021611233
0.7486900132124327
1.365167779562297
1.603082071092072
1.4127785919298157
1.0160065693521236
1.047089809265386
-0.28183449319281184
0.4096746293325134
-0.38624289459418104
0.5217536989532999
-0.09154059916832699
0.2240830293245877
0.49060435645691647
1.0330620523870033
0.758026463795255
0.25898884473476613
0.040722855619820905
-0.7276565071570564
-0.18832018678214574
0.7097528761287084
0.03708215280536939
0.4449221960015558
-0.04719549741575407
0.39819468212115616
0.8426148375831353
0.9369859549876601
0.7058948458906831
0.8595638918834111
0.7535004867721252
0.8957012989363278
0.4791022496702323
0.9378418218184268
0.9962102626633002
0.7469255383745451
-0.5865909068598305
-1.1626529453209697
-1.8372322259082812
-0.6071158225122832
-0.720767046243538
-0.6167390654938385
0.3617610851398413
0.44887528342352523
0.3770198180044434
0.6749946215945702
0.49445188388503436
1.249110097303146
1.0327175979638625
0.49261982162978646
1.134875763093928
0.7559045806356539
0.8090311011620692
1.0436264908206225
1.1806069883299548
0.895684448328521
0.4594504756370973
0.8878994314492408
-0.431086188915075
0.15676400092716516
0.631366647285731
0.7690116539376364
0.48668304212583047
0.4013200510867807
0.2840934282490982
0.33880307394189224
0.436892897788446
0.6764461502624981
0.3002689124007647
1.053138593982533
0.9922374674318531
-0.2781336264637374
0.5637516256869648
-1.2033364891835459
-0.3349565383285501
0.490436000507644
0.7238519385812527
0.7261425638246011
1.1654383638677288
0.8996102319298878
0.15575202071653108
0.5766599604482878
1.1435513408751226
1.1298073208164217
0.7688625606421341
-0.21458182958639332
-0.7919299305570566
-1.9275189090032994
-2.2607837554615036
-0.5511936184402046
0.7156919716251671
0.7142234587076606
-0.790415742616674
-2.248639203108073
-2.2232659851700616
-1.2593653047535958
-1.0047297583947403
-0.7838178688225648
-0.7010298245886032
-0.6875521269312346
-0.6203209492072356
-0.0440856894242508
-0.0637005316868677
-0.016197545478123798
0.2099321649568694
0.20539430203216605
0.6556287657546922
0.2380537962842017
0.5334896286990987
0.8666782921564867
0.857011598407543
0.8374127379388003
1.1443313094271115
1.2126311955847506
1.0251981331000763
-0.1811448831459356
-0.11489611897886312
0.10147978058846349
-1.440093896844746
-2.039031900871179
-2.7812812056339995
-3.658674596962723
-1.548351070186627
-0.35160845312479416
0.2942676860663209
0.29300552010245207
0.5816806699704263
0.8138165226979672
0.6825365803001427
0.6188476970487774
0.5236012313164169
0.7687230080004659
0.8534860463926675
0.10240067580908921
-0.4181722544359724
-1.3518398503337163
-1.6854332201921731
-2.3268269552716134
-2.1170101464891444
-1.5666415894290808
-1.1995100341478273
-1.0195654902643798
-2.0031887382781792
-1.2643112702479473
-0.39093741451557107
-0.07123108163586622
0.7119350001111711
0.27970693315161776
-0.10305262915544433
-0.002131510850713156
-0.3957715649405342
-0.40653571320398285
-0.24446782018502147
0.26187252006886497
0.21705436288410437
0.2168924585956263
-0.10648593736585299
-0.9705429371622011
0.4158089581255895
0.5758198878625476
1.025064924103815
1.2488717875069484
1.3947600399447915
1.316566233456896
1.42711406382035
1.1707221192396675
1.5557871980847457
1.3532850380771815
1.4000467323634498
1.4869348323557081
1.5798871551433318
1.4130861997662243
1.4484028770000226
1.669937208557836
1.933013490326479
1.7971403421911627
1.9863440395968819
2.1371955133302127
1.9052213023123
1.3313302361589756
1.7773061770562828
1.5584370109416645
1.3694285627315397
1.59068516151885
1.4036472089506822
1.5529651524672372
1.6512016382904215
1.8635473900736255
1.8274015571107334
2.204510363351982
1.7215167887018037
0.9546139501963846
-0.11658863746701767
-1.9502555628132476
-2.5670976040964684
-2.032534974180331
-2.834214166786073
-0.24372586895867385
0.8234065269850799
0.494815511907831
0.21616469871728095
0.5938528406652887
0.6964843388420178
0.6842227409167863
0.7975311482906244
0.061996885647744276
0.15534688610724492
-0.08289712078584255
0.11260775721201541
0.5992553325195517
-0.38243303033357645
-0.7379703902107283
0.051219091280495316
0.6703707005810735
0.8981524425076503
0.3113452619802607
0.527435337114776
0.4714718237842973
1.0394690179361112
1.058321358739732
1.3894885976034772
1.332071277973285
0.5100156621183995
1.004599754667002
1.6754066191621952
1.39750667011873
0.9573806006897458
0.787672522379738
0.8832528764834624
1.161587931052189
0.9780785871424716
1.028109241780096
1.4714044380844902
1.216438718252485
1.2589619364984703
1.4002287688020585
1.407320379346874
0.6813987927284664
0.663382368361639
1.2048136745657478
-1.3535515916326943
-1.5706468662903068
-1.2268196081304092
-0.4067713690240935
-0.9206239098716728
-0.007032345155149833
0.3556745322348328
0.06316296143755297
1.0134397108554027
0.863654078683272
1.3347286839017027
1.579791677357442
1.5630842666315494
0.9353088874070125
0.6104916037257665
0.587708352389322
-0.7455093651183848
-1.5455794568008248
-2.3827828116780605
-2.0942452753845027
-0.218213118695162
-2.0251822384311313
-2.2988663187613056
-0.9795992368996584
-0.8231005219640719
-1.7544737879142964
-3.2061142563608866
-2.217776767810619
-1.3218083473072388
-0.8201593668001224
-0.1950160231086797
0.05236106691408593
-0.35627738999404723
-0.7778983927986511
-0.992735880464016
-0.16729483017852587
0.34637650435661316
0.6502867822178088
0.967367704701599
0.8775635555674266
0.9462437024935566
0.81233307168257
0.913188483707289
0.20767181715085306
0.4926009842522029
-0.4433378230788667
0.3010621857075685
0.4261794694544223
0.17239181249379482
0.600335740747764
0.8742531709034129
1.034698770508448
0.37593045793088575
1.1000313899476446
0.6787999706157826
0.7028878403627704
0.0999394570040402
0.23855365755186847
0.12536214737353152
0.0242681466100268
-0.03416562162324241
-1.4984681361749752
-1.0582603519467833
-1.8494122998516511
-2.530351766044049
-1.4199597082326612
-0.8931143882122068
-0.8147826945827121
-2.5854554918437134
-0.9873904281155277
-1.3132986546266885
-2.5977250533892
-0.6588019935855012
-0.4104114913236564
-0.6999035485928911
-0.6259410297910343
-1.3480497728629217
-1.2804252731391763
-0.10092548542343877
-1.112149769760329
-1.5030078108981684
-2.434320581168525
-1.6885725513812655
-2.0361291127398116
-0.7820658351232519
-2.8521432881528233
-1.1566225590611814
-1.8636341664285432
-1.9761280429102794
-0.20288227938887668
0.9988655737762469
1.0210172513104168
1.2908875343947868
0.9088083656172281
0.9066369124001663
-0.4167000441720481
-1.2624373239732247
-0.7795779305883722
0.3945791018828546
0.9790142915953568
0.7532347956804383
-1.1978641390979006
-0.5862146026412276
0.38100606448778074
0.6515971096362729
1.0831238976335151
0.9913412145910618
1.1422160600804352
1.1700229934998165
0.9120382235648582
1.1850223840195215
0.8935028642070149
0.9484554713319432
1.0088789613175178
0.7149023779430083
-0.8140785150114154
-0.17407354924500543
0.6410371732156436
0.9881606900203731
0.35354415707350384
-0.6222462992094111
-2.9610655972215785
-1.3824881401055202
-0.2963489245860855
-0.7457293658191241
0.4356071358047813
0.5623831455989354
0.47097992930899846
-0.19528799510144726
-0.3715429895451906
-0.3090101617321769
-0.6896851442814904
0.03979522090938034
0.7898738196847579
0.6220445896643441
0.3269813266165542
0.765034455857831
0.9523985143176921
0.8701912424381606
0.3529318115063237
-0.7073917611075502
-0.35176080632060636
-1.4652981075679166
-2.1531056055472884
-2.5998920073343434
-0.6467656721975584
-1.9924656764976432
-0.29874584387900727
0.3734170399554442
0.7638910925774158
0.7342738224400985
0.5769449485180138
0.5572965896705667
-0.2775375204910976
0.3793049905093969
0.6444514994589556
0.23263521820463395
-1.1674206963448173
-0.7114302653984748
0.15926684772711458
-0.28099033833875575
-2.2376596292827986
-0.757795229591729
-1.4052561597533015
-0.537262433292198
0.42695933694661836
1.2610963552840573
0.9428201138968193
0.7413360528311161
-0.9413313646272443
-0.5923931168301249
0.5504366853797555
0.10465334693850036
-2.0464944269359
-0.26566870707923784
-0.35901420227039693
-1.0111149511421034
0.46046983472816727
0.26400123312246315
-1.853319156902127
-1.6963354032575868
-2.8789232481406537
-2.161898442002226
-0.6635563417974765
-1.1984288156161167
-1.025962094136049
-0.8484129436601913
-0.5916896176376395
-0.4863121220866097
-0.47655397343083494
-0.1617724965221982
-0.7941938462238313
0.2129985736364329
0.0028412709770011153
0.28945283114053977
0.34912047068135865
0.16002500688714855
-0.5035928699586019
-0.16597008883282002
-0.5518160490935178
-1.517560802443017
-0.45706226987129006
-0.6491394460358193
-0.7817889843604636
-0.21447180380075817
-0.9793891304713287
-0.7207158052911238
-0.06912799351928954
0.6305022328057185
0.7997332179917699
0.9160602702851479
0.5373058659885313
0.6842325201024286
-0.011983820750868929
-0.24785792628192307
-0.19208321772097234
-0.5577557831447966
-0.5869267629741644
-0.017548237351150006
0.2445877378579252
-0.0030014583719510796
-0.5984783964232472
-0.547968070726858
-1.807310913682565
-3.0607205551983063
-2.9547526582002788
-2.9964306795285136
-2.5323457010074013
