0.31113608609522564
0.1995800910217201
-0.02775399013102457
0.1116898508227289
0.3002537516365684
0.17345786421596832
-0.04807289564507981
0.12567728349081847
0.007428403279421583
0.2517963778791604
-0.5803142753019465
-0.6521976920277047
-0.29199753898178066
0.2010101923590164
-0.17878390076312117
0.1527618273640475
0.39989014157628466
0.42172051344663264
0.2993424033260274
0.5922537232785223
0.5439677202521711
0.48511289109625355
0.6275835078246995
0.7079591425435203
0.7728601712672454
0.6823592530602257
0.8370884295777669
0.4085728009411756
0.37233544779383293
0.29038236927497785
0.12425172646681368
0.4960907193873792
0.4967136111411555
0.5620351342553261
0.5225050595176695
0.3472512040171566
0.6029742063518114
0.35973656361306156
0.40579108102576567
0.4812398721369567
0.5076424936770825
0.8059359699960662
0.6221383638019313
0.2871385880203386
0.31684341755816997
0.01995534951835589
0.2977030224040334
0.42400167409141726
0.49769608147618183
0.38454977480700153
0.19118251765171868
0.15127926310089826
-0.11296482167233156
0.3404718582574789
0.04360306652210139
0.2489774999984774
0.2482419839039054
0.09800893556311067
0.5857684738016593
0.6857967545498252
0.5989079644246882
0.04752935396723387
-0.021020154100294185
0.005163440564939359
0.1855548933756472
-0.14725856965385684
-0.09664468848287458
-0.27207639290026825
-0.4618002160616928
-0.3810084858123175
-0.0866267217038686
-0.26419776740775663
-0.019015919820823318
-0.08570212790783477
0.43075583472800677
-0.22817060569620254
0.12472422067596249
0.5148100269981747
0.6552025199713272
0.5219722933967589
0.6023557154648691
0.7564056097927389
0.6818086500919585
0.3546573433810615
0.7430736282430495
0.9054104452744545
0.9964158438205165
0.8966520387262658
0.8416989830054368
0.9388544037829417
0.9947196365591103
0.8504514325302153
0.7206662670900983
0.7788811978758564
0.05517476016561931
0.27303736526323463
0.4841222007138915
0.5364468284618217
0.5749807355595521
0.5611220771588612
0.7369288670790788
0.7297663914999637
0.7929403357967656
0.5803193107505443
0.6562777182380656
0.8044537747277276
0.9594454974199347
0.972707795331863
0.9692277946742546
0.8575375626576013
0.786500829217383
0.7555338342681088
0.9790609139268135
-0.2868197393159822
-0.5621064135991135
-0.4885849610310448
-0.4194694819376031
-0.35948305478424325
-0.11201437850569916
0.1054373843550223
0.2342251755263359
-0.07646494467233206
-0.25477395536521585
0.2001382937082503
0.13158331024794614
0.19608594082205047
0.3875999313092651
0.6083446520616991
0.7524794164774745
0.4866452215384008
0.895369444583469
1.0725367421466532
1.0149252531885256
0.9815742598822175
0.9550341673034995
1.1494647515212524
0.8247820336443309
0.6885858887473292
1.1143316988854488
0.7111441166053113
0.9615089724030857
-0.9245805639529788
-1.166679383884696
0.3781747363654201
0.7246690465321496
-1.1857500196230304
0.5994015450852119
0.3359757822269027
0.6820982674676593
-2.214702178416801
-2.424892684304746
-1.3612033629724711
-1.0511774220074053
-1.8070090828039624
-1.698831887597478
-2.326053258117095
-1.973687364495734
-1.5401068503730209
-1.5848318078352084
-2.236749540354511
-2.665037767201064
-1.6404206362134268
-0.6056318284979377
0.047144030172528745
-0.1836425908735206
0.21573519872567073
0.5829903434805305
0.5638635896272723
0.7928201784049731
0.8105011948927928
1.0416721142594918
0.8366100869227147
0.5428314255348854
1.032147949812705
1.1422529621116464
0.9229708473204208
0.8711800417782299
1.1265730269710128
0.5559301284979942
0.9758846113250214
0.7698521729972865
1.0161911909346193
1.0793514457084232
-0.04302482385703759
0.6474733110856241
0.7384822131646266
0.8050241077525544
0.11120115017788894
0.6024169393041846
0.5120956703372651
0.5876327122904382
0.8177273020571174
0.7461522064675468
0.46565826315486986
0.5920499486946
0.2242761171097074
0.042458792205659505
0.2769183588035977
-0.7356832070871097
0.06440363957457636
-0.32354633126722826
0.12719765683223816
0.25813913278911726
-0.42005232696168554
-0.48419350094344316
-0.04873733459680809
-0.3048999254784759
-0.12359692782776549
-0.4134684169847356
-0.9449856722605777
-2.1335587959624616
-1.1690834698989276
-0.18871186526244707
0.11001751401425344
-0.14433021928727588
0.25606624363642316
0.3379792396461043
0.32180619865608157
0.40560859582461056
0.3658969515168464
0.6300288785950444
0.8569597817155544
-0.2934110746922906
-2.4204403560550545
-0.5366077431874957
0.5678446935639299
0.3661652369979969
0.7801240525346969
0.39231019863263106
0.05713779930471354
-0.08590358875765727
-1.1505165708612808
-2.1136515994397764
-1.5725701207752285
-0.9404432441879862
-0.7054014668486865
-0.920337840288757
0.01521177479799485
0.0629057485223303
0.1391325706344338
0.3766387405229984
0.3863858701026629
-0.6328700716099063
-1.9123452957920188
-2.0173807345472126
-1.1021215878818142
-0.8829159382447909
-0.3967396779187436
-0.674788074789047
-0.28711750219442295
0.3997761304949085
0.6579587755824622
0.12578755004015668
0.2669859098206844
-0.9986289575772739
-0.016832864872222863
0.18492995215835142
0.5107727333457652
-0.4633827117191683
0.16728881678425758
0.2864541317626779
0.44173334619384574
0.7773635190167537
0.20017622940375207
-0.10867260959253729
0.9267436400945869
1.1057048671223177
0.612360657317178
0.49676326690952716
-0.09218139891183176
0.4840217390728179
-0.07713045886108803
0.097704484633744
0.022467704755880297
-0.1830769608826615
-0.5386236203011627
0.053094782632909995
-0.5329065078287416
-0.7376677163496098
-0.9421749885768073
-0.39684345475449423
-0.8160883542267259
-0.8083502136134052
-0.9650814091319311
-0.6654745612137711
-0.9528885144875234
-0.5631496980663132
-0.13735032484767917
0.08278945235766128
-1.1649392575317217
-0.4976126273822154
-0.5942028367158132
0.11237891530261969
0.5867530313578864
0.11948467595710226
0.3158345017102096
0.37692235951126435
0.766577169448587
0.8321330726870019
0.8569420422995162
0.3832676298101201
0.6816118471957037
0.10749883785811483
-0.794853710205142
-1.4525724785210756
-2.2626792071476367
-1.1819416224566224
-2.608843401448571
-0.4926317951394828
-2.66745963384379
-1.6848538535942832
-0.5395546891437863
-0.709553948766073
-0.24738753780442427
0.24628222299266014
0.2738363573155672
0.44619240512697805
0.5392092267488838
0.5724523543477227
0.3340293111715293
0.15072714808707185
0.2986382016998563
0.6292342672907815
0.7122602751733307
0.9197996575273493
0.38208519731497476
-2.3667216142718415
-0.5065879944421774
-0.018766835097760358
-2.6441019071421077
-0.31270597384464366
0.06274886637061144
0.060608884060492016
-0.006197307681854459
-0.16196738973657576
-0.35866299579237965
0.06510963852693315
0.2958519876265269
0.38380331225357356
0.20723317434153973
0.19442397538609676
0.1782947565489073
0.5520501292117685
0.7747328023520673
0.41656801294589596
0.7185606435984626
0.8212836374527976
0.36909886042882356
0.5723838981989489
0.36672534777958987
0.3168070528173131
-0.054826320503941185
0.3049016796153741
0.6010454110538187
-0.8234436088619264
-0.47816495901654393
0.14180236455508005
-0.4894191145097283
-0.19240806886670256
0.8263366691711804
0.9578202916533245
-0.4652051145958224
0.14308693968855501
0.5781318305590399
0.2335304618900725
0.7660829940346146
0.6805769904123484
0.424933397614915
0.00967672616821981
0.7477120224071683
1.4208204879945026
0.24484668856194433
0.44217235666580407
0.8022029021889735
0.7551024092706534
0.9400074778281736
0.790529738095
1.0560137090655695
0.8637434097472165
0.13282269732559537
-0.3369601267638683
0.2776619069728006
0.5759382867741573
0.7268402223618975
0.8092326413135121
0.26176937189696287
0.6937495569574287
0.9697156453686616
0.717452478856563
0.7973582644507943
0.7957440296146715
0.3543271242607997
0.5562680766971148
0.4555479668512347
0.6939159391169933
-0.3518702816448691
0.32547978813087913
0.7034491655823031
0.7141391903380304
0.4996781198915537
0.06255633362956642
-0.7821109335520251
-0.25513938004401215
0.2706103937064228
0.5987720567474225
-0.2522448626951431
0.08351531307616587
-0.08119015075047165
-0.18161411982640002
-1.7838401835148756
-1.3591526371634806
-0.5397098307552504
-0.014775871484697034
0.301511649661422
0.07595366637088156
-0.4362670225431379
-0.35909252135997316
-0.1468473507992473
-0.31421282074028867
-1.8125716108710384
-0.4079047630050879
0.12479830667535402
0.04832016913014138
-1.3486851869781058
-1.2090849077996684
-1.402381913640706
-1.0309113243702672
-0.7379840103341351
-0.8307235701523739
-1.4761261033011497
-1.9088703645372895
-2.2251575456266375
-1.7593366771796586
-0.8722393088100724
-0.4119560304292638
-0.1535887695296618
-0.30329586065369285
-0.3039280687210539
-0.9092882656855799
-0.6137038209192829
0.06596118741246046
-0.7393459010909981
-0.7013429565195127
-0.12676878714398918
0.06411213532322764
0.5786783679633062
0.3479024469666066
-0.6360249310305134
-0.024413079193350038
0.42400770148677425
0.6506038306254103
0.8361303880011767
0.942805764315786
0.8006610067780467
0.8860964538266309
0.8548226917696525
0.4445659944093913
0.6772007782426895
0.38445866609949075
0.2891307389357364
-1.3577278169619424
-1.94880235364573
-1.336185745210275
-1.336522809922479
-1.882316931885586
-1.0196960225474956
-0.22130205432582076
-0.9060944393319171
-0.6611935702898124
-0.6460742789357156
-0.6480857064648489
-2.264204797054039
-1.4030337294193318
-0.6923017768253493
-0.2172767890670989
-0.18112367408825872
-1.5500407646135972
-1.2988358467507515
-1.1293555376340954
-1.9519827548109432
-2.0438242246808764
-1.5031933370082569
-2.1099485444526054
-2.464145675620131
-1.2330150371340172
0.059390708271025085
0.288035558621057
0.08533794508350431
-0.2753505734958098
0.32937282053092337
-0.26334434045239913
0.10008845315044314
0.5756307369017082
0.46117854906989786
0.40119563119363527
0.6568427280537161
0.34892506026717174
0.5603446208333556
0.501762802104868
0.47158981175627146
0.6673373427752713
0.24649865699053203
-1.6381080324403636
-0.8103187211323366
-0.4378427689366515
0.06587670798788418
0.08362249492089986
-1.0024696174209258
-0.5956708260175125
0.3487086853906234
-0.14150924297433246
0.6365457881729412
0.7628098993226304
-0.34895585247247285
0.6210574029919557
0.6754609905018808
0.8515311489835603
1.048690880409125
1.098443032042192
0.9420177689614807
0.7266362427850448
0.7872834468047771
0.4138596165007311
-0.40920209958584014
-1.666698597070973
-0.9764823436022805
0.24006622956251075
0.6092885908336602
-1.802123082890206
-0.8094632186646634
-0.5715002926740596
0.05361995588512666
0.40033088537750994
0.35125449724147734
-1.806376486217023
-2.4467400408939914
-0.5409581513649508
-1.8030095100446664
-1.1359304064111329
-1.8613075903361662
-2.665255156921837
-0.988313062754888
-0.6235170655030179
-1.0298658730681902
-0.33366751662716615
0.29298971041462996
0.2947751843548425
-0.16440349490490352
0.24420983126672496
0.5005210830292137
-1.499816108191417
-0.5553071234563723
-0.1966066176623585
-0.45191146998671233
-0.645566928262504
-2.1740933352642515
-2.562355955612877
-1.9446362581177081
-1.1438236151040502
-0.8713913493966747
-0.35096394976702383
-0.3511190879367938
-2.2371710943112424
-1.445008542523261
-0.35893151957618963
-0.14735355024446192
0.08471824444649793
0.26335176299518437
-0.19892287702934544
-1.0534531383010908
-0.8282872598013301
0.1745470915333505
0.39802708277444954
0.18280835730277592
0.30922746506512494
-0.35218718153758793
0.12588959845300798
-0.020014615519032976
0.0031300619643715487
-0.08024539175059081
-0.4922570467344391
-1.614405545236986
-2.1090008719974453
-2.517887831055778
-2.414028021562607
-1.3145288445018741
-0.7824316464419496
-1.7194979727119482
-1.92676960312329
-1.3961028483861795
-1.9695229584308502
-2.2383687431940613
-1.8448057373025664
-2.1486087077004687
-1.6334087878345922
-0.1040667265770227
-1.0136307092861299
-0.32149233781437164
-0.16855150449340234
-0.8872325706951809
0.19189732004814342
-0.0528913578873978
0.4031419937875345
0.7676492549072151
0.8382829619389496
0.34497800636284237
-0.05859179485828817
-1.2248140651338744
-0.293898490910677
0.07194923327238763
0.2793266485048698
0.1677286606928392
-0.4535061123331285
-1.073871460979935
-2.027876174416681
-0.950622073374454
-1.1211899457732082
-1.1485919008866063
-1.0090242028206726
-1.5942257679658682
-2.2691168028772246
-2.6639304208862344
-1.3916497746364702
-0.8861711741633177
-0.8831187625214291
-1.695482310562811
-1.2534129742961955
-1.9672032663492327
-1.6755045812451703
-1.956109437115445
-1.0391970056749325
-1.112786897977563
-1.3331150212781073
-1.2895179187174612
-1.6990116198190355
-0.5612881568907601
0.03079813286107193
0.38921329901320395
0.43026095849926255
0.28597197001488517
0.33498628790062274
0.34989005551514357
0.23510358852643273
0.41498179780735833
-0.6562657935003785
-2.5907124033218913
-1.3132044882052132
-0.6050267503784448
-1.1645698081603373
-0.9436286666776655
-0.9056576129990531
-0.47321814021805164
-0.9592429309865323
-1.1347358565862167
-1.106242965645015
-1.7662811903022155
-2.554089695982251
-2.399031128463496
-1.8131579707151042
-0.8749606109922501
-0.5503909891015977
0.00931927311021122
-0.17376082640422855
0.07252307518768657
0.21852638101336005
-0.5088813270099652
0.0530325170223787
-0.11737003108238561
0.45106008344747966
0.1325479434315257
0.5570978425151422
0.011782665330248179
0.47675337763132547
0.5555224816271969
0.03554919848056269
0.288648696846959
0.3944154932209154
0.46858861552392606
-0.5065076006881949
-0.005889833138069156
0.2505742440822688
0.3911669514548377
0.4635266893322146
0.5686484922362826
0.2243208177842241
-0.15093209805583496
-0.32418551056302547
-0.3368560059242573
-0.3193077390124488
-0.20264588328596453
0.34773061004031575
0.43985175281234395
-0.30349383334528324
-0.6422945460845778
-1.9852864435265503
-0.048626080083990296
-0.32579329419033926
0.16281349739339282
0.17274860315803583
0.07772727122263304
-0.5942160306115002
-0.7725498862873698
-0.8436612123231859
-0.14099324184034304
-0.354866126198309
-0.01339950722782835
0.2528571269876735
0.43743105084042344
0.3548631375177686
0.33609807427161137
0.3964862654120459
0.21697764972861894
0.27399059001626735
0.03868901274751667
0.24707752615760678
0.2840838577549152
0.416072317473665
0.2027503804613366
-0.1950654888341603
0.2131564949009981
0.36727561241346246
0.2614627965063383
0.18161903901601892
0.07098012878571158
0.40900361655319784
-0.11493494209792886
0.10218096164245011
0.2783090276336029
0.19249271110668545
-1.0067549285209059
-0.19045488084992548
-0.26966581926628286
0.018541576040386126
0.03106741879979849
0.0079208466881838
0.09856449551653733
0.1057704508473687
-0.06153685253122908
-0.3355701909829673
-0.4569612424178168
-0.28723965333315726
-1.1173531276317565
-0.09667051600344662
0.4985074582393118
0.36137980275670534
-0.37579019407753883
-0.4137368124362085
-0.9753511738053712
-0.41849786348928475
-0.10292321037497597
0.17656242232916122
0.003273663733608856
0.146023087626722
-0.43136564670866956
-2.4521377880540443
-1.7045085762786618
-0.6952616851186436
0.0904658557414829
0.08876701669063071
0.3480862320668595
0.0957242375066572
-0.10385311491570763
-0.15620850937014072
0.05477645683538036
0.19520008428856153
0.12416409143859904
-0.5878403033176546
-1.1812139054700443
-0.30019775230212586
-0.3114744033456247
0.13162391647131227
0.06703535907259853
-0.23111145668802682
-0.108071539687298
-0.127141436812601
-2.165804132377595
-2.4217513364786076
-1.6094836785514675
-0.2375459438691314
-0.08560485194658908
-0.3287405075116545
0.27866554359178014
0.4186531881404353
0.4619935583231738
0.18801206075405796
-0.3835640557195197
-0.5094122616374707
-0.19390364988909511
-0.7827741854773539
-2.1825554884016287
-1.2616427527593295
-1.1925921820617391
-1.065756997959919
-1.6866871491952884
-2.3473014805973444
-1.8847403262145705
-2.2788069081257905
-2.430860231924454
-1.3061062390584413
-0.3402626303834528
0.0664181823434391
0.11994566841831676
0.2773405317512359
0.20721658471823007
0.16071773897699845
-0.6767384596115076
-0.7226021638945105
-0.18639101723356313
-0.05650696929687634
-0.30119043941365475
-1.6436128235936875
-1.0795678879999273
-0.15937469371383042
0.22596017300132962
0.4713239082434987
0.4794800547912533
0.33204520849285113
0.568689833686179
0.719599849627745
0.8958732780573095
0.7281923045475694
0.41482128546929536
0.7217603209016762
0.7556019071926215
0.8184441458764831
0.08842875557642094
0.37869024730317535
0.4706854393890317
0.5290710791267449
0.4019174772576303
0.3746867403217839
0.21034296280225692
0.43526263424772477
0.384538319548755
0.19584256441871417
0.44944507893824714
-0.045783629541201125
0.20043247388400362
0.23811756765376657
0.03887710837693899
0.36699617009957186
0.5227176905476233
0.4879362173900597
0.06213109194096857
-0.26532102810484587
-0.06199672395902797
-0.7047516395289357
-2.0983805905199437
-2.4457025813764077
-1.216286691532868
-1.3652773899867408
-2.274337282795084
-2.549506887706677
-0.9567894375312098
-0.08726925859829836
-0.14334108370594023
0.18422931722261668
0.31070303038759467
0.28187800981451444
0.22399238183547582
-0.9014358684357718
-0.8082794231718943
-0.10298492654450715
-0.10526869565318016
-0.17535043504824305
-0.040251857460428905
-0.5252436857088517
0.01453050046198839
0.045508705444721936
-0.7923766293376269
-1.935349886635732
-0.9789875940811815
0.29094391677251114
0.1500567286774447
0.24282201051527735
0.4310509553294645
0.66132432399422
0.2937114926739425
-1.2429929332360552
-0.4922916132876551
-0.028984926760516696
-1.2987170101984824
-0.31027796570581967
0.20115260676873034
-0.02913737981145598
0.2692280377626657
0.21222885803317298
0.248363085410089
0.4115278773200972
0.3050177251275191
0.23199666287423662
0.024515926318727038
0.3660657126097629
0.0786413054030047
0.15400924106618277
-0.17388291294083175
0.18851015818345673
0.2562632971799543
-1.4589940277259286
-2.377151059724192
-2.4725255433019644
-0.9960518037823025
-1.3288133765832462
-0.1308092911140748
-0.2716511402552614
0.17270584993990323
0.05146301202428207
0.1669718585618099
-0.12065856748232985
0.10995367489126111
0.12318151829608011
0.13126161241268552
-0.9494823247892377
-0.3485270908822045
-0.32273929377381927
-1.1716495901272157
-2.1723785261166317
-0.881369705220275
-0.21695541289344117
-0.7399740723050802
-0.5099036692190545
-1.7791046202510097
-2.36204239821206
-1.3814273791733527
-0.3948087219867411
-0.38306630330549535
-0.1271215856214687
-0.32895409682165033
-0.308189169103257
-0.22763874110475424
-0.012859747211189319
0.06191134707111605
0.021559237849090074
-1.1559343456677789
-0.4319992967013063
0.17897893879582516
0.11410577424470474
0.2525252321119655
-0.1263015688001235
-0.3437584027053242
-0.5279764560726491
-0.7734862199868935
-0.6414310453833374
-0.3107224758830371
-0.3870418359790471
-0.6214105352879115
-0.08341639719386404
-0.11315657025576874
0.3693722429963478
0.7185545651710833
0.7163532984725168
0.735349483592532
0.6522976144559379
0.7373866637420132
0.4916475226371089
0.14087731955217594
0.07569882788883434
0.24143853597102186
-0.37658290768510994
0.22898453242952105
0.15665124027779212
0.26582912882503307
0.5395552831746507
0.6715638262859341
-1.3274512793208062
-1.684592812040466
-0.00988788598115806
-1.1496225252998773
-1.2738931405300535
-0.5456718585915563
-0.8460793028961013
-0.6132455327405555
-0.16903199229373822
-0.12656942212767938
-0.18046139431282848
-0.39369856191849817
-0.8148399990095123
-0.44567485371230603
-1.6000704827863974
-2.2987977991958326
-1.4937251397800784
-0.18934064869225262
0.23051456220581226
0.18356132991838137
0.3374216974530984
0.4151730530958368
0.5578478662867209
0.5177689018018927
-0.10849943477462591
-1.046318897323503
-0.11894962238679666
0.4112220839827567
0.3212006929207895
0.21631336353405992
-0.6601343264694165
-0.20431756801671988
-0.16587570581599062
0.19498675677538163
0.4581056860306548
0.17826659834336586
0.4677667775115269
0.34722767451623576
0.2288991886755594
-0.19073144636709694
-0.41552682065849234
-0.46778799906150503
-0.5814084965654714
-0.12618956059493422
0.04645114477066081
0.3439681566251791
0.1411673303042567
0.4961461885727755
0.7115875981135577
1.0249975166097718
0.7677113735219633
0.9743964085160327
1.0521036967049946
-0.4766740408841767
0.5730337220530157
0.5255458385547193
0.5566740874539228
0.18557466531429706
0.1117186116593291
0.29887867481528596
0.13211758285963357
-0.20749244672913006
-0.3632056748630862
-0.017386129616757406
-2.5286153866256695
-1.727650458933295
-0.4320514927974913
-0.3462857902845062
0.18252190616023664
0.3764849631144977
0.41183086166348143
-0.972832712724087
-2.380048567342136
-0.8539816508127708
-1.4415556209052593
-1.6107697187687722
-0.517894974380954
0.15589419615726188
0.41652938479545903
0.19513031361192487
0.0957273894272554
-0.6902360185414589
-0.1472418944071136
0.21618999845073542
0.11846019535028288
0.13751566891314104
0.42739855964371565
0.6047331824538003
0.25723952031846037
-0.3355645168688297
0.08164060479349163
-1.079468002686324
-0.01003083971790926
0.21662771730484048
-0.28739432472498516
-0.6297694926413898
0.2749796634330292
0.3676959256686312
0.2022160973101314
-0.6591104544003743
-1.1356815766061652
0.42773311563574945
0.7003060375322108
-0.5232535164568444
-0.5661590638608667
0.047462955897291506
0.4149399753865872
0.606059488573178
0.3643434341616675
-0.7630394798730517
-0.33723196198088723
-0.10086665814372966
-0.24883409578259175
-1.4954116903640908
-0.30836407237681074
-0.45910346641120525
0.22213622859731352
0.046489702635319
-0.5825805884663574
-1.0639787618911325
-0.45103646330583586
0.3491612875408406
0.32369152775149956
0.3360796923519452
0.7200609576266623
1.0059635742190802
-0.3832680551447865
0.30565828814151025
-0.5697641124428463
0.1508547294075443
-0.45004127755914153
0.6212805189415989
0.3754983507196912
-0.577405503766004
0.12539661602349966
0.15262948946116792
0.027647362946379005
0.3658740211362214
-0.28106804251147127
0.6892401687695097
0.9345583742118213
-0.051608497695294436
-0.5118733671158772
-0.8684528176908957
-1.0008940092952228
-0.5980298155865067
-0.7155832545646963
-0.03141213565177195
0.0026825036363138746
0.24180818728697065
0.2779318439464942
0.01875190888562059
-0.3638426527367231
0.3296941903303014
0.23781497435712112
-0.16961480977056714
0.36596384114115066
-0.034193679213307175
0.578072658297476
0.0670694818715906
0.6996946586296117
-0.3177902173528957
-0.45002024410374913
0.10464660548598224
0.11720485279193346
0.15162311372613138
-0.16714867073875384
-0.32343387461990153
-0.07843575883475587
0.2512766348135034
0.347008303549195
0.7015504599016312
0.6563762846309822
0.31738498886541827
0.7221022842690332
0.7179452199795832
0.9817294873721812
0.5305637243879292
0.623086740316889
-0.9761630866809521
0.05190395448893368
-0.7359221396125407
-0.11483525969183317
0.2512919729310168
0.4117781731085136
-0.11629196751574444
-0.5569234460289596
-1.4301829311350538
-0.5975874444992257
0.026488505406796464
0.02715274971813173
0.1571243312667571
0.23682514097634283
-0.13710328371898767
-0.14716835121896735
-0.020660755130099857
0.17001313256342593
-0.19762288839263334
0.4125523014632577
0.26407138254538315
1.0071730847043217
0.9778340111026771
0.9714634647770283
0.881918121317673
-0.21877127500655055
-0.3096335075159463
-0.20199936698004783
-0.05050762742931219
-0.18389182333922718
0.4367152033211965
0.6084313272641113
0.8837013042487601
1.0764412548272746
1.010997342360651
0.9329348264936308
0.42172030009250755
0.8258907057435282
0.7874434974161308
0.6084772630945244
0.2528839089921594
0.3292321596073679
0.12064956726412249
0.1772001613057403
0.4088390567727639
-0.5448521478006493
-0.17605251736987373
0.14877833111448266
-0.47734671234559
-0.3635336663924769
-0.47695451408924566
-0.2579524322314457
-0.7315359232349453
-0.2792253577549466
-0.09502136466237007
0.11656519691988815
0.061823265133340466
-0.17400095549900974
-0.1932551841856648
0.11479175570808836
-0.30969235619649055
-1.1976570648472864
-1.5186174981271239
-0.968624393929787
-0.7864794610111431
-0.4453624281221564
-0.36871557063626204
-0.49669333214069133
-0.393473113138798
-0.44056070647702167
-0.3536182448588542
-0.08391783097661466
-0.018124636999123513
0.21312102058988522
-0.08362374889501814
-0.010821732387989712
0.02195786674595122
-0.2689829529075898
-0.18744643758880322
-0.6082078194350939
0.32328943070586413
0.4441706791431567
0.39543981308376186
0.5181994488740082
0.4509873388044638
0.14272304514693465
0.4092850489929598
0.39289432307377403
0.5715294359835197
0.7256646977267236
0.3813199965580607
0.4383471342784759
0.4563561410604773
0.23849745146536908
-0.35609104491065136
-0.39249576540549364
0.006870084786497943
-0.3465584236417408
-0.23719441301349156
-0.08701999302352448
-1.2940831441010292
-1.161495368622052
-1.8564233345164647
-2.0159133851093363
-1.9873923820657138
-2.290157833544815
-1.8418913778220147
-0.5912009921416294
0.07459588952782267
0.16497337631756404
0.32243101702275634
0.25930781358058647
0.289753018033593
0.49209303545270816
0.5817325264710839
0.3817716250063706
0.2476101885778786
0.22583265651766746
0.11774751395830628
0.37011266596864634
-0.24776503015326276
-0.16264921074772518
0.3479615046320066
0.28845357147388634
0.1633634326330851
-0.5205418222012701
-0.09735273529722809
0.021745482281750616
0.4614331455212003
0.4612107046345668
0.5657695667128796
0.6779187250939775
0.5075424602458908
0.44394228933799146
0.5622596179754672
0.5064914262820884
0.1845217636063118
-0.11753786325864235
0.17099609963372214
-0.6108189177729213
-0.11833913542554547
-0.34932018775852425
-0.11486773073850486
-0.8704599338524859
-0.33443604321984055
-0.41720136412636644
-0.8873204206912902
-0.5018250274170348
-1.2563263612308166
-1.9200647631156749
-1.328915642940542
-1.8951986166289865
-1.5164837843058803
-1.4466590644407404
-2.4073616171544208
-2.4827627748165306
-2.455241581896146
-2.648444814252224
-1.6498508280526083
-0.6879854017236393
-0.09499937660636434
-1.4664356552143445
-0.6179948958991569
-1.6109786090337113
-1.6474483129308843
-0.6222935755995438
-1.9897061548018642
-1.2685166530289491
-0.6419901042825026
0.012129605246233624
-0.3552053186306049
-0.6404981884844161
-0.5172031110855069
-1.2484134170081354
-1.2373952223023696
-1.0052617745624886
-0.7137661060590988
-1.0148720948556482
-0.5012585506630247
-0.20817899323043643
-0.15114358874303355
-0.2296957065087533
0.06727836301472329
0.2681698484433086
0.37348891922858984
-0.057840634735004545
-0.09288790189882587
-0.16660724845959102
-0.25092994477582925
0.004409577388760061
-0.16434828252728476
-1.845928544601404
-1.9444123731393346
-1.080988113041096
-0.25746387230279577
-0.571550078229524
-0.500003795240224
0.12813468530939154
0.13005368458504676
0.21416693256029407
0.3428380606190187
0.24307789293528817
-0.8175002320981366
-1.3115526026284963
-0.37119528112687245
-0.014372422381173951
-1.0216372400308122
-1.0011175915872577
-1.2400862058270137
-1.9630191691864183
-1.9513348073328871
-1.1862105924925963
-1.2924859107252504
-1.2551321694244744
-1.0463191199431727
-0.6380674526417381
-0.2734953366205372
0.09679973989046273
-0.45109662370822934
-0.7380744517694591
-1.186569287701399
-0.863206788415587
-1.1586800766594334
-0.03997538497674846
-0.22010706940823588
-0.9092387037646076
0.03278974884091437
-1.1563183088432891
-0.2469032834185984
0.27773689369962723
-1.0277941164058078
-0.9781686807698254
-0.6562169124573153
-0.28100432055972857
-0.8272820931329934
-1.6788943471877047
-1.039942974656506
-0.7452062057380666
-0.8403099278008076
-0.8538258551201863
-0.6085542959389165
-1.4625196815624004
-1.878576954506138
-2.5017474566120224
-0.8739219411032191
-0.18417987127887833
0.20959058987626794
0.4899522905765639
-0.046359172970259405
-1.2518112293849601
-2.133607692763237
-2.1475117865917097
-2.626213492830537
-1.6182727840201103
-1.4848811460295717
-1.2640492448623115
-1.5079852358613
-1.1932429455165312
-1.7615351491918214
-1.2206939432970414
-1.8015455387250583
-1.5970008106177753
-0.3789200847720847
0.12410473011872908
-0.21672943164658495
-0.35828707668797943
0.14984343164865435
-0.7674463729626748
-0.27397429980378085
-0.2921059444847351
-0.6271141496272655
-1.1016377730626479
-1.269925004311222
-2.3971948583055838
-2.0329279410239667
-2.240810596822655
-2.3561057370879133
-1.8940984723795868
-1.1472618678755435
-1.091467080129263
-0.6330265655122442
-1.153297125227029
-0.833639335337166
-0.21787290570192597
-0.15847411672735157
-1.1373239881845314
-1.3089628417706662
-1.7208773543251656
-1.9729225739291696
-0.820307318535055
-1.3502635889334926
-1.7769017406284027
-1.4372754877705207
-1.924973511447208
-2.0933400120519607
-1.991724894025977
-1.6416636667620583
-1.3413733502910048
-1.6554276406384705
-2.0351312414506264
-1.9883846449076281
-1.0582091492095078
-0.6568130991092924
-0.5849307920133963
-1.0829737238643142
-1.6960967963123175
-0.4884856387954962
-0.33960979252248874
-0.3102716675355759
-0.24132662130180277
-0.2067940010453124
0.08048571793021803
0.3765779209735946
-0.15306182539882662
0.323040544576308
0.642477591644978
0.5428578192700749
0.7986348967573976
1.0182696715302166
0.9992454289832589
0.7226617141123512
0.718117194121219
-0.2729729380131635
0.375752036554502
-0.39819995998534263
0.39465084225799063
-0.13163185223875232
0.08610371651208897
0.3186434380508892
0.6777200150009925
0.5496248323398776
0.11765885886720345
-0.024633682268930836
-0.8189600217109625
-0.2609355786105084
0.39553137704533753
-0.11004440558959994
0.21058334917215318
-0.1435927017479508
0.2399250802577591
0.5413063611969714
0.5483381038515897
0.5750267854213231
0.6052747004875392
0.5786474004177207
0.6021036014510146
0.32219353293710945
0.6177713321947508
0.6135140507708015
0.5240940271048348
-0.61633755544414
-1.31233780459458
-1.7110725702982514
-0.5597118359434953
-0.8832243678433266
-0.4459457690335854
0.16763268221337266
0.3583773560483179
0.1891049076248305
0.45708968566811276
0.17353054206815416
0.8422918549833582
0.7575944397599925
0.47280261096464976
0.8740125603202192
0.5668093797600726
0.5619704307195075
0.6593170965538777
0.9874151857440775
0.7211821316543937
0.43650477949777744
0.6431464286942543
-0.7767778590636129
0.1804761691712237
0.49274723703198714
0.6065264298676846
0.37429896212479596
0.3807099328541738
0.21556732640836818
0.3410397634208661
0.38028389324298517
0.4511089943945846
0.3903011118309536
0.7040156837803532
0.8512900641298783
-0.265605469264815
0.4960440938975641
-1.282803423771152
-0.32312013538118145
0.27562061153874073
0.6260636655252629
0.525863529978805
0.8247431834189104
0.7358166732018193
0.025521883180474107
0.47155740709190896
0.8928629320473123
0.9673686527790044
0.6548138763168333
-0.21466675447715833
-0.9089111922931151
-1.9336308614438462
-2.145507069474358
-0.3890822869258905
0.47056480494819203
0.48099837072176893
-0.9854214914383446
-2.192370495448777
-1.841368938430431
-0.8395955733230541
-0.710072341284142
-1.0183761348724791
-0.5506651778055566
-0.9488247000397264
-0.31966424811837735
0.24310387471444864
-0.05884353311297897
0.31400974730959924
0.2819661726820868
0.29015847021458996
0.45052783575820793
0.3170785090664028
0.46576049932848246
0.630314155519888
0.6400858036681661
0.6525247845611576
0.8718815072417415
0.9241860176562959
0.8678024108330664
-0.28354124597102753
-0.10745361402153837
-0.00814914639862226
-1.4293687735283107
-1.971942014649403
-2.588394258558554
-2.7399960539858745
-1.1108647879342846
0.08916613133167837
0.3651288980204152
0.45511067361523805
0.4923496429906669
0.5492819875359376
0.4786726360387943
0.5681955990488983
0.4403238528926405
0.6328145812963661
0.597097007686008
0.04912238411714414
-0.23718371101560237
-1.4250543479654827
-1.8803653612130837
-2.0710750513144864
-1.9995079749652633
-1.4067851849811797
-1.2529482276243067
-1.0271819230407209
-1.8656752550152498
-1.164454297230546
-0.1589615568136488
-0.03808161908587886
0.5195606707340861
0.1165133268577789
-0.03947452408256461
0.018468697446976424
-0.21833760538677133
-0.31918745715704494
0.06411841646206723
0.28974819875864355
0.3719348539402541
0.47085668959767485
0.05493362336249118
-0.7358350885146135
0.42554121060142
0.6924156480542197
0.9436565343479051
1.0346684731773355
1.1182522787645315
1.1554808789070223
1.1881305218120153
1.1610048225497154
1.3109761379112783
1.2510424353390974
1.2661998857459362
1.2113247531166838
1.3802790926962385
1.2532512536513833
1.3034014257534687
1.3669771155954262
1.4513816083896773
1.2805109341228598
1.4877465222902178
1.5272095190853077
1.655121231625055
1.1966183186854156
1.6017022738693
1.3668610900619231
1.2585043566454008
1.2683695051269595
1.2768952195399403
1.3499994530153352
1.3581201321446297
1.4034821587793596
1.2338784711402273
1.5439086518725649
1.17293986666088
0.9384577305256998
-0.08986040166702358
-1.7990997279677299
-2.357453945698746
-2.101220172483073
-2.5605658260878026
0.1102710765196057
0.4943872108205047
0.46618724360380204
0.08389059856818325
0.3672683072828517
0.5105401194836662
0.4078435186939886
0.6545214939089006
-0.13390538161720286
0.10885584123463579
-0.24634528870655203
0.0647763076712987
0.3139494155294256
-0.4108505491421848
-0.665812192723486
-0.05464540372956061
0.7108135687304438
0.789055515115859
0.15187656269834576
0.46626901768689516
0.42538506559223777
0.8330985604515141
0.9159139225387498
1.065782251120529
1.1471060484583921
0.46762881276037327
0.9969056987439678
1.2476478649401939
1.2529901978176456
1.0382821705303091
0.8371342944487375
0.8234325955357485
0.9624377670775897
0.9512762493672483
0.9480871400858044
1.0054167540182735
1.0428591325106098
1.0824246841910174
1.1643714135411851
1.1087436286588948
0.43167558590790034
0.7614373564742664
0.9726229126189551
-1.5604374412334416
-1.4849169886872569
-1.2975794392820263
-0.42023072286865865
-1.029676218113576
0.0564325988901969
0.20922507702861995
0.09972606495017501
0.7409594440768326
0.7319261006242154
0.9140946018073184
1.2230741166221064
1.2069300114963215
0.944554285624753
0.5959093736371468
0.5323736411686808
-0.8762876924670372
-1.65014972672555
-2.2512434641247636
-1.9791479098581977
0.025027566459469228
-2.0077854131951387
-1.9714313240287866
-0.8135524114848502
-0.8133055906566358
-1.6557672755309707
-2.6099719287293093
-1.888967465453014
-1.0309516565797008
-0.8518178131740415
-0.2046839936925454
-0.049876788827960816
-0.414244678806371
-0.8760153894240907
-0.9791968937691466
-0.09601339439503834
0.4034807860705651
0.6387820573710697
0.7645703700122289
0.7877115785210463
0.8445818719365701
0.8171703716288942
0.8932121945642264
0.15824131188963905
0.3638354766390812
-0.3950853395886382
0.25452148303653727
0.3832886535887569
0.25648549496441586
0.4790553841042996
0.8079650616947922
0.84161387642118
0.29283343055025307
0.8632186467619145
0.7612603437281803
0.7549207814192873
0.15382973799548808
0.22382508028157957
0.15825709974117763
0.19890918419079956
0.21513019872275044
-1.3747867446167141
-1.042904017287323
-1.9338027374516626
-2.250002753384297
-1.3017427861765956
-0.9306625127932109
-0.7924148994115675
-2.2720316373335816
-0.6749844505990172
-1.2901947134511198
-2.2616389808985145
-0.3876724164028879
-0.2296753999237149
-0.42932783369251004
-0.4274077026469385
-1.1637980326639195
-0.983241928185893
-0.033196291651727876
-1.1858509066388114
-1.4909450523616417
-2.1304886543300916
-1.6861508093944624
-1.8452199694630005
-0.6507462756144142
-2.5039055795074283
-0.8751346336316073
-1.9299096032772787
-1.7955858845144201
-0.1154577978452313
0.7608718736670584
0.9138081460642743
0.9790201161948194
0.9701277140632963
0.7797962503168582
-0.3880169835923139
-1.2603477814431987
-0.54446594378344
0.35501426749903825
0.6810071495318841
0.5627490124264641
-1.3235234985207254
-0.384721728983794
0.45749921604330557
0.5404085693210222
0.920560428732616
0.9120881090906948
0.9441250609101564
1.0409785049687363
0.8487043567126371
0.9762882949289796
0.89912014798773
0.8214862314665183
0.7886541990616961
0.7816255350558717
-0.6362857827660928
-0.32365076230727396
0.4237406084517257
0.8734818866679898
0.19163698462125464
-0.6595102287471681
-2.6527125716895252
-1.0305411900782757
-0.05198501576780754
-1.1114669234592596
0.40734567458540066
0.6171877954799079
0.4074602771393085
-0.30679863785772876
-0.3288624801636042
-0.3779991980850954
-1.18282478141141
0.0030407695440274104
0.5690159317879719
0.6379191061279122
0.5893905041201645
0.7277950523973439
0.6659267838511395
0.8640854803563373
0.43347098543693546
-0.7819122437534392
-0.13123114080130183
-1.426890293340484
-2.0934726878938505
-2.23914843313076
-0.2915496348329257
-1.9839928983378674
-0.16293761943019383
0.5041801611492296
0.8523665162609156
0.7564092674936407
0.4315884959597959
0.5874705253368393
-0.3800101302660629
0.549690633976925
0.736197985424579
0.3218314984298831
-1.2742221281998178
-0.30439013718589225
0.2909964632762524
-0.004498740613332244
-2.3162604222980714
-0.6071232292349821
-1.6348331511420782
-0.33191093834356966
0.5191864794779104
1.0781859467534258
0.8715233720324087
0.6590970432550588
-1.4755802442731922
-0.4912876896420633
0.48214717743536684
-0.06098488857792151
-2.1620492596596415
-0.0986056507006933
-0.334547984029202
-1.2418147512186306
0.234338979399534
0.1998402106204509
-1.8406053803983045
-1.8957017258997526
-2.534931693334445
-2.2581113254108636
-1.1400038065305667
-1.391746124875331
-0.7239311524624095
-0.7432016252585926
-0.9726545577734016
-1.0051083412564967
-0.9363365097534724
-0.3384234623188088
-0.980457425478103
0.12214853032507779
-0.18277504800849803
0.3134731791430911
0.29368439141471864
-0.03031599828292623
-0.547720054271424
-0.08340591918520958
-0.6794240472425911
-1.6550369162354959
-0.33358791693707324
-0.753208248678725
-0.8425014398957038
-0.31423955816775323
-1.0573950083277832
-0.613233175565991
-0.14498635318741848
0.5608538644767171
0.7860964414995153
0.8152588261811146
0.7596442567223263
0.7661528183640078
-0.01941388069253956
-0.29632076819406744
-0.20828737314897744
-0.5473407956335585
-0.49146313049783574
-0.06363156386344389
0.12059797670001957
-0.03180493752770016
-0.4094285763870886
-0.27094254955824976
-1.8701926266733262
-2.651885242199468
-2.620860289459792
-2.6315658797951165
-2.567990228425017
